ag-13Y1-a
H H H C N O Ag Ag
0 1 2 2 2 3 3 4 4 5 3 3 5 6 7 4 6 5 6 6
3 3 5 6 7 4 6 5 6 6 0 1 2 2 2 3 3 4 4 5
-33.61258361
ag-25Y1-a
H H H H H C C N O Ag Ag Ag Ag Ag
0 0 0 0 1 2 2 2 3 4 5 5 7 7 8 10 12 13 5 6 9 11 6 6 6 7 8 12
8 10 12 13 5 6 9 11 6 6 6 7 8 12 0 0 0 0 1 2 2 2 3 4 5 5 7 7
-50.47768974000002
ag-25Y2-a
H H H H H C C N O Ag Ag
0 0 0 1 2 3 4 5 5 7 7 8 8 9 10 5 6 6 6 6 7 8 10 10
8 9 10 5 6 6 6 6 7 8 10 10 0 0 0 1 2 3 4 5 5 7 7 8
-50.480391
ag-37Y1-a
H H H H H H H C C C N O Ag Ag Ag Ag
0 0 1 2 3 3 4 5 6 6 7 7 8 10 10 11 11 13 7 8 8 12 9 9 9 15 8 10 9 11 14 13
11 13 7 8 8 12 9 9 9 15 8 10 9 11 14 13 0 0 1 2 3 3 4 5 6 6 7 7 8 10 10 11
-66.92167924
ag-37Y2-a
H H H H H H H C C C N O Ag Ag Ag Ag
0 0 0 0 1 1 2 3 4 5 6 7 7 8 10 10 11 13 14 15 7 12 8 8 9 9 9 8 10 9 11 13
11 13 14 15 7 12 8 8 9 9 9 8 10 9 11 13 0 0 0 0 1 1 2 3 4 5 6 7 7 8 10 10
-67.08150559
ag-37Y3-a
H H H H H H H C C C N O Ag Ag Ag Ag Ag
0 0 0 0 1 2 3 4 4 4 5 6 7 7 7 10 10 11 12 15 16 8 8 8 9 13 14 9 9 8 9 10 11 15
11 12 15 16 8 8 8 9 13 14 9 9 8 9 10 11 15 0 0 0 0 1 2 3 4 4 4 5 6 7 7 7 10 10
-67.32990756000001
ag-49Y1-a
H H H H H H H H H C C C C N O Ag Ag Ag Ag Ag
0 0 0 0 1 2 3 3 4 5 6 6 7 8 9 9 10 11 13 13 14 17 18 19 9 10 10 16 11 11 12 15 12 12 10 13 11 12 14 18
14 17 18 19 9 10 10 16 11 11 12 15 12 12 10 13 11 12 14 18 0 0 0 0 1 2 3 3 4 5 6 6 7 8 9 9 10 11 13 13
-83.79514369
ag-49Y2-a
H H H H H H H H H C C C C N O Ag Ag Ag Ag
0 0 0 1 1 2 3 4 5 6 7 8 9 9 10 11 13 13 14 16 17 9 15 10 10 11 11 12 12 12 10 13 11 12 14 18
14 16 17 9 15 10 10 11 11 12 12 12 10 13 11 12 14 18 0 0 0 1 1 2 3 4 5 6 7 8 9 9 10 11 13 13
-83.71845998
ag-49Y3-a
H H H H H H H H H C C C C N O Ag Ag Ag Ag
0 0 1 2 3 4 4 5 6 7 8 9 9 9 10 10 13 13 14 14 18 9 11 11 11 15 10 12 12 12 10 13 17 11 12 14 16 18
14 18 9 11 11 11 15 10 12 12 12 10 13 17 11 12 14 16 18 0 0 1 2 3 4 4 5 6 7 8 9 9 9 10 10 13 13 14
-83.59288659
ag-49Y4-a
H H H H H H H H H C C C C N O Ag Ag Ag
0 0 0 1 1 2 3 4 5 6 7 8 9 9 9 10 10 13 13 14 16 17 9 15 11 11 11 10 12 12 12 10 13 16 11 12 14 16
14 16 17 9 15 11 11 11 10 12 12 12 10 13 16 11 12 14 16 0 0 0 1 1 2 3 4 5 6 7 8 9 9 9 10 10 13 13
-83.72731195
ag-49Y5-a
H H H H H H H H H C C C C N O Ag Ag Ag Ag Ag
0 0 0 1 1 2 3 4 5 6 7 8 8 9 9 9 11 13 13 14 14 15 18 10 19 10 10 11 11 12 12 12 16 10 11 13 12 14 17 18
14 15 18 10 19 10 10 11 11 12 12 12 16 10 11 13 12 14 17 18 0 0 0 1 1 2 3 4 5 6 7 8 8 9 9 9 11 13 13 14
-83.81692787
ag-49Y6-a
H H H H H H H H H C C C C N O Ag Ag Ag Ag
0 0 0 1 1 2 3 4 5 6 7 8 9 9 9 10 13 13 14 14 15 18 11 16 11 11 10 10 12 12 12 10 11 13 12 14 17 15
14 15 18 11 16 11 11 10 10 12 12 12 10 11 13 12 14 17 15 0 0 0 1 1 2 3 4 5 6 7 8 9 9 9 10 13 13 14
-83.83485195
au-13Y1-a
H H H C N O Au Au
0 1 2 2 3 4 4 3 3 5 7 4 5 6
3 3 5 7 4 5 6 0 1 2 2 3 4 4
-33.62595171000001
au-25Y1-a
H H H H H C C N O Au Au Au Au
0 0 0 1 2 2 3 4 5 5 7 7 8 9 10 5 6 12 6 6 6 7 8 11
8 9 10 5 6 12 6 6 6 7 8 11 0 0 0 1 2 2 3 4 5 5 7 7
-50.48919564000002
au-25Y2-a
H H H H H C C N O Au Au
0 0 1 2 3 4 5 5 7 7 8 9 5 6 6 6 6 7 8 10
8 9 5 6 6 6 6 7 8 10 0 0 1 2 3 4 5 5 7 7
-50.51043637000001
au-37Y1-a
H H H H H H H C C C N O Au Au Au
0 1 2 3 3 4 5 6 7 7 8 10 10 11 11 7 8 8 12 9 9 9 8 10 9 11 13 14
11 7 8 8 12 9 9 9 8 10 9 11 13 14 0 1 2 3 3 4 5 6 7 7 8 10 10 11
-66.92579674000001
au-37Y2-a
H H H H H H H C C C N O Au Au
0 0 1 2 3 4 5 6 7 7 8 10 10 11 13 7 8 8 9 9 9 8 10 9 11 12
11 13 7 8 8 9 9 9 8 10 9 11 12 0 0 1 2 3 4 5 6 7 7 8 10 10
-67.09922361000002
au-37Y3-a
H H H H H H H C C C N O Au Au Au Au
0 0 0 1 2 3 4 4 5 6 7 7 7 10 10 11 13 15 8 8 8 9 14 9 9 8 9 10 11 12
11 13 15 8 8 8 9 14 9 9 8 9 10 11 12 0 0 0 1 2 3 4 4 5 6 7 7 7 10 10
-67.33715423000001
au-49Y1-a
H H H H H H H H H C C C C N O Au Au Au Au Au
0 0 0 1 2 3 3 4 5 6 6 7 8 9 9 10 11 13 13 14 17 19 9 10 10 16 11 11 12 15 12 12 10 13 11 12 14 18
14 17 19 9 10 10 16 11 11 12 15 12 12 10 13 11 12 14 18 0 0 0 1 2 3 3 4 5 6 6 7 8 9 9 10 11 13 13
-83.82921396
au-49Y2-a
H H H H H H H H H C C C C N O Au Au Au
0 0 0 1 2 3 4 5 6 7 8 9 9 10 11 13 13 14 15 16 9 10 10 11 11 12 12 12 10 13 11 12 14 17
14 15 16 9 10 10 11 11 12 12 12 10 13 11 12 14 17 0 0 0 1 2 3 4 5 6 7 8 9 9 10 11 13 13
-83.73585086
au-49Y3-a
H H H H H H H H H C C C C N O Au Au Au Au
0 1 2 3 4 4 5 5 6 7 8 9 9 9 10 10 13 14 14 9 11 11 11 16 10 18 12 12 12 10 13 17 11 12 14 15
14 9 11 11 11 16 10 18 12 12 12 10 13 17 11 12 14 15 0 1 2 3 4 4 5 5 6 7 8 9 9 9 10 10 13 14
-83.58929762
au-49Y4-a
H H H H H H H H H C C C C N O Au Au
0 0 1 2 3 4 5 6 7 8 9 9 9 10 10 13 13 14 16 9 11 11 11 10 12 12 12 10 13 15 11 12 14 15
14 16 9 11 11 11 10 12 12 12 10 13 15 11 12 14 15 0 0 1 2 3 4 5 6 7 8 9 9 9 10 10 13 13
-83.74221064
au-49Y5-a
H H H H H H H H H C C C C N O Au Au
0 1 2 3 4 5 6 7 8 8 9 9 9 11 13 14 14 10 10 10 11 11 12 12 12 16 10 11 13 12 14 15
14 10 10 10 11 11 12 12 12 16 10 11 13 12 14 15 0 1 2 3 4 5 6 7 8 8 9 9 9 11 13 14
-83.82203059
au-49Y6-a
H H H H H H H H H C C C C N O Au Au Au
0 0 1 2 3 4 5 6 7 8 9 9 9 10 13 13 14 14 17 11 11 11 10 10 12 12 12 10 11 13 12 14 16 15
14 17 11 11 11 10 10 12 12 12 10 11 13 12 14 16 15 0 0 1 2 3 4 5 6 7 8 9 9 9 10 13 13 14
-83.82708565000001
cd-13Y1-a
H H H C N O Cd Cd Cd
0 1 2 2 2 3 4 4 3 3 5 7 8 4 5 6
3 3 5 7 8 4 5 6 0 1 2 2 2 3 4 4
-33.4585353
cd-25Y1-a
H H H H H C C N O Cd Cd
0 0 0 1 2 3 4 5 5 7 7 8 9 10 5 6 6 6 6 7 8 9
8 9 10 5 6 6 6 6 7 8 9 0 0 0 1 2 3 4 5 5 7 7
-50.32607226
cd-25Y2-a
H H H H H C C N O Cd Cd
0 0 1 2 3 4 5 5 7 7 8 9 5 6 6 6 6 7 8 10
8 9 5 6 6 6 6 7 8 10 0 0 1 2 3 4 5 5 7 7
-50.29046179
cd-37Y1-a
H H H H H H H C C C N O Cd
0 1 2 3 4 5 6 7 7 8 10 11 11 7 8 8 9 9 9 8 10 9 11 12
11 7 8 8 9 9 9 8 10 9 11 12 0 1 2 3 4 5 6 7 7 8 10 11
-66.80016973
cd-37Y2-a
H H H H H H H C C C N O Cd
0 1 2 3 4 5 6 7 7 8 10 10 11 7 8 8 9 9 9 8 10 9 11 12
11 7 8 8 9 9 9 8 10 9 11 12 0 1 2 3 4 5 6 7 7 8 10 10
-66.89290052999999
cd-37Y3-a
H H H H H H H C C C N O Cd Cd Cd
0 0 0 1 2 3 4 5 6 7 7 7 10 10 11 13 14 8 8 8 9 9 9 8 9 10 11 12
11 13 14 8 8 8 9 9 9 8 9 10 11 12 0 0 0 1 2 3 4 5 6 7 7 7 10 10
-67.13427908
cd-49Y1-a
H H H H H H H H H C C C C N O Cd Cd
0 0 0 1 2 3 4 5 6 7 8 9 9 10 11 13 13 14 15 16 9 10 10 11 11 12 12 12 10 13 11 12 14 16
14 15 16 9 10 10 11 11 12 12 12 10 13 11 12 14 16 0 0 0 1 2 3 4 5 6 7 8 9 9 10 11 13 13
-83.62255375000001
cd-49Y2-a
H H H H H H H H H C C C C N O Cd
0 1 2 3 4 5 6 7 8 9 9 10 11 13 13 14 9 10 10 11 11 12 12 12 10 13 11 12 14 15
14 9 10 10 11 11 12 12 12 10 13 11 12 14 15 0 1 2 3 4 5 6 7 8 9 9 10 11 13 13
-83.51093548
cd-49Y3-a
H H H H H H H H H C C C C N O Cd Cd
0 1 2 3 4 5 5 6 7 8 9 9 10 10 13 14 14 9 11 11 11 10 16 12 12 12 10 13 11 12 14 15
14 9 11 11 11 10 16 12 12 12 10 13 11 12 14 15 0 1 2 3 4 5 5 6 7 8 9 9 10 10 13 14
-83.45622811999999
cd-49Y4-a
H H H H H H H H H C C C C N O Cd
0 1 2 3 4 5 6 7 8 9 9 10 10 13 13 14 9 11 11 11 10 12 12 12 10 13 11 12 14 15
14 9 11 11 11 10 12 12 12 10 13 11 12 14 15 0 1 2 3 4 5 6 7 8 9 9 10 10 13 13
-83.49578618000001
cd-49Y5-a
H H H H H H H H H C C C C N O Cd
0 1 2 3 4 5 6 7 8 9 9 9 11 13 14 14 10 10 10 11 11 12 12 12 10 11 13 12 14 15
14 10 10 10 11 11 12 12 12 10 11 13 12 14 15 0 1 2 3 4 5 6 7 8 9 9 9 11 13 14
-83.67193678000001
cd-49Y6-a
H H H H H H H H H C C C C N O Cd Cd Cd
0 0 0 1 2 3 4 5 6 7 8 9 9 9 10 13 13 14 14 15 17 11 11 11 10 10 12 12 12 10 11 13 12 14 16 15
14 15 17 11 11 11 10 10 12 12 12 10 11 13 12 14 16 15 0 0 0 1 2 3 4 5 6 7 8 9 9 9 10 13 13 14
-83.66260208
co-13Y1-a
H H H C N O Co Co Co Co Co Co
0 0 0 1 1 1 1 2 2 2 3 3 3 3 3 4 4 4 4 4 5 5 5 5 3 6 9 3 6 8 9 5 10 11 4 6 8 9 11 5 7 8 10 11 8 9 10 11
3 6 9 3 6 8 9 5 10 11 4 6 8 9 11 5 7 8 10 11 8 9 10 11 0 0 0 1 1 1 1 2 2 2 3 3 3 3 3 4 4 4 4 4 5 5 5 5
-34.03408085000001
co-25Y1-a
H H H H H C C N O Co Co Co Co Co Co
0 0 0 1 1 2 3 4 5 5 5 7 7 7 7 8 8 8 8 9 14 5 12 6 6 6 6 7 11 8 11 13 14 10 13 14
8 9 14 5 12 6 6 6 6 7 11 8 11 13 14 10 13 14 0 0 0 1 1 2 3 4 5 5 5 7 7 7 7 8 8 8
-50.38231995000001
co-25Y2-a
H H H H H C C N O Co Co Co Co Co Co Co
0 0 0 0 1 1 1 1 2 3 4 5 5 7 7 7 7 7 7 7 8 8 10 14 15 5 11 13 14 6 6 6 6 7 8 9 11 12 13 14 15 15
8 10 14 15 5 11 13 14 6 6 6 6 7 8 9 11 12 13 14 15 15 0 0 0 0 1 1 1 1 2 3 4 5 5 7 7 7 7 7 7 7 8
-50.98860685
co-37Y1-a
H H H H H H H C C C N O Co Co Co Co Co Co
0 0 0 1 2 3 3 4 5 6 6 7 7 7 8 10 10 10 10 11 11 11 11 12 17 7 8 8 13 9 9 9 14 8 10 15 9 11 15 16 17 15 16 17
11 12 17 7 8 8 13 9 9 9 14 8 10 15 9 11 15 16 17 15 16 17 0 0 0 1 2 3 3 4 5 6 6 7 7 7 8 10 10 10 10 11 11 11
-67.05808991000004
co-37Y2-a
H H H H H H H C C C N O Co Co Co Co Co Co Co Co Co
0 0 0 0 1 1 1 1 2 3 4 4 4 4 5 6 6 7 7 7 7 8 10 10 10 10 10 11 11 11 12 14 20 7 13 18 19 8 8 9 15 16 17 9 9 17 8 10 18 19 9 11 13 14 19 20 19 20
11 12 14 20 7 13 18 19 8 8 9 15 16 17 9 9 17 8 10 18 19 9 11 13 14 19 20 19 20 0 0 0 0 1 1 1 1 2 3 4 4 4 4 5 6 6 7 7 7 7 8 10 10 10 10 10 11 11
-67.56849489000001
co-37Y3-a
H H H H H H H C C C N O Co Co Co Co Co Co Co Co
0 0 0 0 0 1 2 3 4 4 4 4 4 5 6 6 7 7 7 10 10 10 10 10 10 11 11 12 13 18 19 8 8 8 9 14 15 17 18 9 9 15 8 9 10 11 13 15 16 18 19 19
11 12 13 18 19 8 8 8 9 14 15 17 18 9 9 15 8 9 10 11 13 15 16 18 19 19 0 0 0 0 0 1 2 3 4 4 4 4 4 5 6 6 7 7 7 10 10 10 10 10 10 11
-67.74769229000003
co-49Y1-a
H H H H H H H H H C C C C N O Co Co Co Co Co Co Co Co Co
0 0 0 0 0 1 2 3 3 3 3 4 4 5 6 6 6 7 8 9 9 10 11 13 13 13 13 13 13 14 14 14 15 16 18 22 9 10 10 18 19 20 11 19 11 12 17 18 12 12 10 13 11 12 14 15 16 21 22 23 15 16
14 15 16 18 22 9 10 10 18 19 20 11 19 11 12 17 18 12 12 10 13 11 12 14 15 16 21 22 23 15 16 0 0 0 0 0 1 2 3 3 3 3 4 4 5 6 6 6 7 8 9 9 10 11 13 13 13 13 13 13 14 14
-84.24307748000001
co-49Y2-a
H H H H H H H H H C C C C N O Co Co Co Co Co Co
0 0 0 0 1 1 1 2 3 4 5 5 5 6 7 8 9 9 9 10 11 13 13 13 13 13 14 14 16 18 19 9 15 17 10 10 11 11 17 20 12 12 12 10 13 17 11 12 14 15 16 17 19 19
14 16 18 19 9 15 17 10 10 11 11 17 20 12 12 12 10 13 17 11 12 14 15 16 17 19 19 0 0 0 0 1 1 1 2 3 4 5 5 5 6 7 8 9 9 9 10 11 13 13 13 13 13 14
-84.08868615
co-49Y3-a
H H H H H H H H H C C C C N O Co Co Co Co Co Co Co
0 0 0 0 1 1 2 3 4 4 5 5 6 7 8 9 9 9 9 9 9 10 10 13 13 13 14 14 14 14 15 16 21 9 18 11 11 11 19 10 17 12 12 12 10 13 17 18 20 21 11 12 14 20 21 16 20 21
14 15 16 21 9 18 11 11 11 19 10 17 12 12 12 10 13 17 18 20 21 11 12 14 20 21 16 20 21 0 0 0 0 1 1 2 3 4 4 5 5 6 7 8 9 9 9 9 9 9 10 10 13 13 13 14 14 14
-83.78962290999999
co-49Y4-a
H H H H H H H H H C C C C N O Co Co Co Co Co
0 0 0 0 1 1 1 2 3 4 5 6 7 8 9 9 9 10 10 13 13 13 13 13 14 14 15 16 17 9 17 19 11 11 11 10 12 12 12 10 13 18 11 12 14 16 17 18 19 16
14 15 16 17 9 17 19 11 11 11 10 12 12 12 10 13 18 11 12 14 16 17 18 19 16 0 0 0 0 1 1 1 2 3 4 5 6 7 8 9 9 9 10 10 13 13 13 13 13 14
-84.21866717
co-49Y5-a
H H H H H H H H H C C C C N O Co Co Co Co Co Co Co
0 0 0 0 0 1 2 3 4 5 5 5 5 5 6 7 8 9 9 9 11 13 13 13 13 13 14 14 14 15 18 20 21 10 10 10 11 11 15 16 17 18 12 12 12 10 11 13 12 14 18 19 20 21 20 21
14 15 18 20 21 10 10 10 11 11 15 16 17 18 12 12 12 10 11 13 12 14 18 19 20 21 20 21 0 0 0 0 0 1 2 3 4 5 5 5 5 5 6 7 8 9 9 9 11 13 13 13 13 13 14 14
-84.40395364
co-49Y6-a
H H H H H H H H H C C C C N O Co Co Co Co Co Co Co
0 0 0 0 0 1 1 1 1 2 2 3 4 5 6 7 8 9 9 9 10 13 13 13 13 13 13 14 14 14 15 16 17 18 11 15 20 21 11 21 11 10 10 12 12 12 10 11 13 12 14 16 17 18 19 21 16 17
14 15 16 17 18 11 15 20 21 11 21 11 10 10 12 12 12 10 11 13 12 14 16 17 18 19 21 16 17 0 0 0 0 0 1 1 1 1 2 2 3 4 5 6 7 8 9 9 9 10 13 13 13 13 13 13 14 14
-84.34207703999999
cu-13Y1-a
H H H C N O Cu Cu Cu
0 1 1 2 2 2 3 3 4 4 5 3 3 8 5 6 7 4 6 5 6 6
3 3 8 5 6 7 4 6 5 6 6 0 1 1 2 2 2 3 3 4 4 5
-33.84023518000001
cu-25Y1-a
H H H H H C C N O Cu Cu Cu Cu Cu
0 0 0 0 1 2 2 2 3 4 5 5 7 7 8 10 12 13 5 6 9 11 6 6 6 7 8 12
8 10 12 13 5 6 9 11 6 6 6 7 8 12 0 0 0 0 1 2 2 2 3 4 5 5 7 7
-50.68395869
cu-25Y2-a
H H H H H C C N O Cu Cu Cu
0 0 0 1 1 2 3 4 5 5 5 7 7 8 9 11 5 10 6 6 6 6 7 11 8 11
8 9 11 5 10 6 6 6 6 7 11 8 11 0 0 0 1 1 2 3 4 5 5 5 7 7
-50.72478697
cu-37Y1-a
H H H H H H H C C C N O Cu Cu Cu Cu
0 0 1 2 3 3 4 5 6 6 7 7 7 8 10 10 11 11 13 7 8 8 12 9 9 9 15 8 10 14 9 11 14 13
11 13 7 8 8 12 9 9 9 15 8 10 14 9 11 14 13 0 0 1 2 3 3 4 5 6 6 7 7 7 8 10 10 11
-66.98978091000001
cu-37Y2-a
H H H H H H H C C C N O Cu Cu Cu Cu Cu
0 0 0 0 1 1 2 3 4 5 6 7 7 8 10 10 10 11 12 14 16 7 13 8 8 9 9 9 8 10 9 11 14 15
11 12 14 16 7 13 8 8 9 9 9 8 10 9 11 14 15 0 0 0 0 1 1 2 3 4 5 6 7 7 8 10 10 10
-67.31945895999999
cu-37Y3-a
H H H H H H H C C C N O Cu Cu Cu Cu Cu
0 0 0 0 1 2 3 4 4 4 5 6 7 7 7 10 10 11 11 12 15 16 8 8 8 9 13 14 9 9 8 9 10 11 15 16
11 12 15 16 8 8 8 9 13 14 9 9 8 9 10 11 15 16 0 0 0 0 1 2 3 4 4 4 5 6 7 7 7 10 10 11
-67.51968774
cu-49Y1-a
H H H H H H H H H C C C C N O Cu Cu Cu Cu Cu Cu
0 0 0 0 1 2 3 3 4 4 5 6 6 7 8 9 9 10 11 13 13 14 18 19 20 9 10 10 17 11 15 11 12 16 12 12 10 13 11 12 14 19
14 18 19 20 9 10 10 17 11 15 11 12 16 12 12 10 13 11 12 14 19 0 0 0 0 1 2 3 3 4 4 5 6 6 7 8 9 9 10 11 13 13
-84.02185922999999
cu-49Y2-a
H H H H H H H H H C C C C N O Cu Cu Cu Cu
0 0 0 0 1 1 2 3 4 5 6 7 8 9 9 10 11 13 13 14 16 17 18 9 15 10 10 11 11 12 12 12 10 13 11 12 14 18
14 16 17 18 9 15 10 10 11 11 12 12 12 10 13 11 12 14 18 0 0 0 0 1 1 2 3 4 5 6 7 8 9 9 10 11 13 13
-83.97221257000001
cu-49Y3-a
H H H H H H H H H C C C C N O Cu Cu Cu Cu Cu Cu
0 0 0 1 2 3 4 4 5 5 6 7 8 9 9 9 10 10 13 13 14 14 16 20 9 11 11 11 17 10 15 12 12 12 10 13 19 11 12 14 18 20
14 16 20 9 11 11 11 17 10 15 12 12 12 10 13 19 11 12 14 18 20 0 0 0 1 2 3 4 4 5 5 6 7 8 9 9 9 10 10 13 13 14
-83.65775984999999
cu-49Y4-a
H H H H H H H H H C C C C N O Cu Cu Cu Cu Cu
0 0 0 0 1 1 2 3 4 5 6 7 8 9 9 10 10 13 13 13 13 14 15 16 17 9 18 11 11 11 10 12 12 12 10 13 11 12 14 15 17 19
14 15 16 17 9 18 11 11 11 10 12 12 12 10 13 11 12 14 15 17 19 0 0 0 0 1 1 2 3 4 5 6 7 8 9 9 10 10 13 13 13 13
-83.96138939
cu-49Y5-a
H H H H H H H H H C C C C N O Cu Cu Cu Cu Cu Cu
0 0 0 1 1 2 3 4 5 6 7 8 8 9 9 9 9 11 13 13 13 14 14 15 18 10 20 10 10 11 11 12 12 12 16 10 11 13 19 12 14 17 18 18
14 15 18 10 20 10 10 11 11 12 12 12 16 10 11 13 19 12 14 17 18 18 0 0 0 1 1 2 3 4 5 6 7 8 8 9 9 9 9 11 13 13 13 14
-83.87384044000001
cu-49Y6-a
H H H H H H H H H C C C C N O Cu Cu Cu Cu Cu
0 0 0 0 1 1 1 2 3 4 5 6 7 8 9 9 9 10 13 13 14 14 15 16 17 11 18 19 11 11 10 10 12 12 12 10 11 13 12 14 15 17
14 15 16 17 11 18 19 11 11 10 10 12 12 12 10 11 13 12 14 15 17 0 0 0 0 1 1 1 2 3 4 5 6 7 8 9 9 9 10 13 13 14
-84.10653697999999
fe-13Y1-a
H H H C N O Fe Fe Fe Fe Fe Fe
0 1 1 1 2 2 2 2 2 3 3 3 4 4 4 4 4 4 5 5 3 3 6 8 5 7 9 10 11 4 6 8 5 6 7 8 10 11 7 10
3 3 6 8 5 7 9 10 11 4 6 8 5 6 7 8 10 11 7 10 0 1 1 1 2 2 2 2 2 3 3 3 4 4 4 4 4 4 5 5
-34.09395781999996
fe-25Y1-a
H H H H H C C N O Fe Fe Fe Fe Fe Fe Fe Fe
0 0 0 0 1 2 2 2 2 3 4 4 5 5 7 7 7 7 7 7 8 8 11 12 13 5 6 9 14 15 6 6 15 6 7 8 10 12 13 14 16 13
8 11 12 13 5 6 9 14 15 6 6 15 6 7 8 10 12 13 14 16 13 0 0 0 0 1 2 2 2 2 3 4 4 5 5 7 7 7 7 7 7 8
-50.93463172999998
fe-25Y2-a
H H H H H C C N O Fe Fe Fe Fe Fe Fe
0 0 0 0 1 1 2 3 4 5 5 5 7 7 7 7 7 8 8 8 9 10 11 5 13 6 6 6 6 7 14 8 9 11 12 14 9 11
8 9 10 11 5 13 6 6 6 6 7 14 8 9 11 12 14 9 11 0 0 0 0 1 1 2 3 4 5 5 5 7 7 7 7 7 8 8
-50.99121659999997
fe-37Y1-a
H H H H H H H C C C N O Fe Fe Fe Fe Fe Fe Fe Fe
0 0 0 0 1 2 3 4 4 4 5 6 6 6 6 7 7 8 10 10 10 10 11 11 11 11 13 14 15 7 8 8 9 18 19 9 9 12 17 19 8 10 9 11 13 15 16 13 14 15
11 13 14 15 7 8 8 9 18 19 9 9 12 17 19 8 10 9 11 13 15 16 13 14 15 0 0 0 0 1 2 3 4 4 4 5 6 6 6 6 7 7 8 10 10 10 10 11 11 11
-67.07798297
fe-37Y2-a
H H H H H H H C C C N O Fe Fe Fe Fe Fe Fe Fe
0 0 0 0 1 1 1 1 2 3 4 5 6 7 7 7 8 10 10 10 10 10 10 11 11 12 13 14 7 14 17 18 8 8 9 9 9 8 10 18 9 11 12 14 15 16 18 12
11 12 13 14 7 14 17 18 8 8 9 9 9 8 10 18 9 11 12 14 15 16 18 12 0 0 0 0 1 1 1 1 2 3 4 5 6 7 7 7 8 10 10 10 10 10 10 11
-67.58278214999996
fe-37Y3-a
H H H H H H H C C C N O Fe Fe Fe Fe Fe Fe Fe
0 0 0 0 1 2 3 4 4 4 5 6 6 6 7 7 7 10 10 10 10 10 10 11 11 11 13 16 17 8 8 8 9 12 14 9 9 14 15 8 9 10 11 13 14 16 17 18 13 17
11 13 16 17 8 8 8 9 12 14 9 9 14 15 8 9 10 11 13 14 16 17 18 13 17 0 0 0 0 1 2 3 4 4 4 5 6 6 6 7 7 7 10 10 10 10 10 10 11 11
-67.77100564
fe-49Y1-a
H H H H H H H H H C C C C N O Fe Fe Fe Fe Fe Fe Fe Fe
0 0 0 0 0 1 2 3 3 4 4 5 6 6 6 7 8 9 9 10 11 13 13 13 13 14 14 14 14 16 17 18 19 9 10 10 15 11 22 11 12 20 21 12 12 10 13 11 12 14 17 18 19 17 18 19
14 16 17 18 19 9 10 10 15 11 22 11 12 20 21 12 12 10 13 11 12 14 17 18 19 17 18 19 0 0 0 0 0 1 2 3 3 4 4 5 6 6 6 7 8 9 9 10 11 13 13 13 13 14 14 14
-84.16187572999996
fe-49Y2-a
H H H H H H H H H C C C C N O Fe Fe Fe Fe Fe Fe Fe Fe
0 0 0 0 1 1 1 2 3 4 5 5 5 5 6 7 8 9 9 9 9 9 9 10 10 11 13 13 13 13 13 14 14 14 16 18 21 9 18 20 10 10 11 11 17 19 22 12 12 12 10 13 15 18 20 22 11 22 12 14 16 18 21 22 18 21
14 16 18 21 9 18 20 10 10 11 11 17 19 22 12 12 12 10 13 15 18 20 22 11 22 12 14 16 18 21 22 18 21 0 0 0 0 1 1 1 2 3 4 5 5 5 5 6 7 8 9 9 9 9 9 9 10 10 11 13 13 13 13 13 14 14
-84.70044261999999
fe-49Y3-a
H H H H H H H H H C C C C N O Fe Fe Fe Fe Fe Fe Fe Fe
0 0 0 0 1 2 2 2 3 4 4 4 4 5 6 7 8 9 9 10 10 13 13 13 13 14 14 14 14 16 17 18 9 11 21 22 11 11 15 20 22 10 12 12 12 10 13 11 12 14 16 18 19 16 17 18
14 16 17 18 9 11 21 22 11 11 15 20 22 10 12 12 12 10 13 11 12 14 16 18 19 16 17 18 0 0 0 0 1 2 2 2 3 4 4 4 4 5 6 7 8 9 9 10 10 13 13 13 13 14 14 14
-83.72583316999999
fe-49Y4-a
H H H H H H H H H C C C C N O Fe Fe Fe Fe Fe Fe
0 0 0 0 0 1 1 1 2 3 4 5 6 7 8 9 9 9 10 10 13 13 13 13 13 13 14 14 14 15 17 18 20 9 16 19 11 11 11 10 12 12 12 10 13 19 11 12 14 15 16 17 19 20 15 17
14 15 17 18 20 9 16 19 11 11 11 10 12 12 12 10 13 19 11 12 14 15 16 17 19 20 15 17 0 0 0 0 0 1 1 1 2 3 4 5 6 7 8 9 9 9 10 10 13 13 13 13 13 13 14 14
-84.24096806
fe-49Y5-a
H H H H H H H H H C C C C N O Fe Fe Fe Fe Fe Fe
0 0 0 0 0 1 2 3 4 5 5 5 5 5 6 7 8 9 9 9 11 13 13 13 13 13 14 14 14 16 18 19 20 10 10 10 11 11 15 17 18 20 12 12 12 10 11 13 12 14 15 16 19 20 16 19
14 16 18 19 20 10 10 10 11 11 15 17 18 20 12 12 12 10 11 13 12 14 15 16 19 20 16 19 0 0 0 0 0 1 2 3 4 5 5 5 5 5 6 7 8 9 9 9 11 13 13 13 13 13 14 14
-84.41842582999999
fe-49Y6-a
H H H H H H H H H C C C C N O Fe Fe Fe Fe Fe Fe
0 0 0 0 0 1 1 2 2 2 2 3 4 5 6 7 8 9 9 9 10 13 13 13 13 13 14 14 14 15 17 18 20 11 19 11 16 18 19 11 10 10 12 12 12 10 11 13 12 14 15 16 17 20 15 17
14 15 17 18 20 11 19 11 16 18 19 11 10 10 12 12 12 10 11 13 12 14 15 16 17 20 15 17 0 0 0 0 0 1 1 2 2 2 2 3 4 5 6 7 8 9 9 9 10 13 13 13 13 13 14 14
-84.32799509
ir-13Y1-a
H H H C N O Ir Ir Ir Ir Ir
0 0 1 1 2 2 2 3 3 3 3 3 4 4 4 4 5 3 10 3 10 5 6 8 4 7 8 9 10 5 8 9 10 8
3 10 3 10 5 6 8 4 7 8 9 10 5 8 9 10 8 0 0 1 1 2 2 2 3 3 3 3 3 4 4 4 4 5
-34.28319725999995
ir-25Y1-a
H H H H H C C N O Ir Ir Ir Ir Ir
0 0 0 0 1 2 2 3 4 4 5 5 7 7 8 8 10 12 13 5 6 11 6 6 9 6 7 8 12 13
8 10 12 13 5 6 11 6 6 9 6 7 8 12 13 0 0 0 0 1 2 2 3 4 4 5 5 7 7 8
-51.154308209999954
ir-25Y2-a
H H H H H C C N O Ir Ir Ir Ir Ir
0 0 0 1 1 1 2 3 4 5 5 5 5 5 6 7 7 7 7 8 8 10 13 5 11 12 6 6 6 6 7 11 12 13 12 8 9 12 13 13
8 10 13 5 11 12 6 6 6 6 7 11 12 13 12 8 9 12 13 13 0 0 0 1 1 1 2 3 4 5 5 5 5 5 6 7 7 7 7 8
-51.029841429999976
ir-37Y1-a
H H H H H H H C C C N O Ir Ir Ir Ir Ir Ir
0 0 0 1 1 1 2 3 3 4 5 6 6 7 7 7 7 7 8 10 10 10 10 11 11 11 11 15 17 7 14 16 8 8 13 9 9 9 12 8 10 13 14 16 9 11 15 16 17 15 16 17
11 15 17 7 14 16 8 8 13 9 9 9 12 8 10 13 14 16 9 11 15 16 17 15 16 17 0 0 0 1 1 1 2 3 3 4 5 6 6 7 7 7 7 7 8 10 10 10 10 11 11 11
-67.16729891
ir-37Y2-a
H H H H H H H C C C N O Ir Ir Ir Ir Ir Ir
0 0 0 1 1 1 2 3 4 4 5 6 7 7 7 7 8 10 10 10 10 11 11 12 15 7 14 16 8 8 9 13 9 9 8 10 15 16 9 11 15 16 17 15
11 12 15 7 14 16 8 8 9 13 9 9 8 10 15 16 9 11 15 16 17 15 0 0 0 1 1 1 2 3 4 4 5 6 7 7 7 7 8 10 10 10 10 11
-67.57909380999996
ir-37Y3-a
H H H H H H H C C C N O Ir Ir Ir Ir Ir
0 0 0 0 1 2 3 4 4 5 6 7 7 7 7 7 8 9 9 10 10 10 10 10 11 11 11 12 14 15 8 8 8 9 13 9 9 8 9 10 13 16 16 13 16 11 13 14 15 16 15 16
11 12 14 15 8 8 8 9 13 9 9 8 9 10 13 16 16 13 16 11 13 14 15 16 15 16 0 0 0 0 1 2 3 4 4 5 6 7 7 7 7 7 8 9 9 10 10 10 10 10 11 11
-67.37690721999996
ir-49Y1-a
H H H H H H H H H C C C C N O Ir Ir Ir Ir Ir Ir
0 0 0 0 1 2 3 3 4 4 5 6 6 7 8 9 9 10 11 13 13 14 14 18 19 20 9 10 10 17 11 15 11 12 16 12 12 10 13 11 12 14 19 18
14 18 19 20 9 10 10 17 11 15 11 12 16 12 12 10 13 11 12 14 19 18 0 0 0 0 1 2 3 3 4 4 5 6 6 7 8 9 9 10 11 13 13 14
-84.49975869999997
ir-49Y2-a
H H H H H H H H H C C C C N O Ir Ir Ir Ir
0 0 0 0 1 1 2 3 4 5 6 7 8 9 9 10 11 13 13 14 16 17 18 9 15 10 10 11 11 12 12 12 10 13 11 12 14 18
14 16 17 18 9 15 10 10 11 11 12 12 12 10 13 11 12 14 18 0 0 0 0 1 1 2 3 4 5 6 7 8 9 9 10 11 13 13
-84.53243415999998
ir-49Y3-a
H H H H H H H H H C C C C N O Ir Ir Ir Ir Ir Ir
0 0 1 1 2 3 4 4 5 5 6 7 8 9 9 9 9 10 10 13 13 13 13 14 14 14 20 9 19 11 11 11 17 10 15 12 12 12 10 13 16 19 11 12 14 18 19 20 19 20
14 20 9 19 11 11 11 17 10 15 12 12 12 10 13 16 19 11 12 14 18 19 20 19 20 0 0 1 1 2 3 4 4 5 5 6 7 8 9 9 9 9 10 10 13 13 13 13 14 14
-83.83298735
ir-49Y4-a
H H H H H H H H H C C C C N O Ir Ir Ir Ir Ir Ir
0 0 0 0 1 1 1 2 3 4 5 6 6 7 8 9 9 9 10 10 13 13 13 13 13 14 14 14 15 16 17 9 18 19 11 11 11 10 12 20 12 12 10 13 19 11 12 14 15 17 18 19 17 19
14 15 16 17 9 18 19 11 11 11 10 12 20 12 12 10 13 19 11 12 14 15 17 18 19 17 19 0 0 0 0 1 1 1 2 3 4 5 6 6 7 8 9 9 9 10 10 13 13 13 13 13 14 14
-84.02527235999997
ir-49Y5-a
H H H H H H H H H C C C C N O Ir Ir Ir Ir Ir
0 0 0 1 1 2 3 4 5 6 7 8 8 9 9 9 11 13 13 13 14 14 15 18 10 19 10 10 11 11 12 12 12 16 10 11 13 12 14 17 18 18
14 15 18 10 19 10 10 11 11 12 12 12 16 10 11 13 12 14 17 18 18 0 0 0 1 1 2 3 4 5 6 7 8 8 9 9 9 11 13 13 13 14
-84.00149495
ir-49Y6-a
H H H H H H H H H C C C C N O Ir Ir Ir Ir Ir Ir
0 0 0 0 1 1 2 3 4 5 5 6 7 8 9 9 9 9 10 11 13 13 13 13 13 14 14 14 15 16 17 11 19 11 11 10 10 18 12 12 12 10 11 13 20 12 20 14 15 17 19 20 17 20
14 15 16 17 11 19 11 11 10 10 18 12 12 12 10 11 13 20 12 20 14 15 17 19 20 17 20 0 0 0 0 1 1 2 3 4 5 5 6 7 8 9 9 9 9 10 11 13 13 13 13 13 14 14
-83.98665732999996
ni-13Y1-a
H H H C N O Ni Ni Ni Ni
0 0 1 1 1 2 2 3 3 3 4 4 4 4 4 5 5 5 3 8 3 8 9 5 7 4 8 9 5 6 7 8 9 6 7 8
3 8 3 8 9 5 7 4 8 9 5 6 7 8 9 6 7 8 0 0 1 1 1 2 2 3 3 3 4 4 4 4 4 5 5 5
-34.16447550999999
ni-25Y1-a
H H H H H C C N O Ni Ni Ni Ni Ni
0 0 0 0 1 2 2 2 3 4 5 5 7 7 8 10 12 13 5 6 9 11 6 6 6 7 8 12
8 10 12 13 5 6 9 11 6 6 6 7 8 12 0 0 0 0 1 2 2 2 3 4 5 5 7 7
-51.01445135
ni-25Y2-a
H H H H H C C N O Ni Ni Ni Ni Ni
0 0 0 1 1 1 2 3 4 5 5 5 7 7 7 7 7 8 8 8 9 10 5 11 12 6 6 6 6 7 12 8 9 11 12 13 9 12
8 9 10 5 11 12 6 6 6 6 7 12 8 9 11 12 13 9 12 0 0 0 1 1 1 2 3 4 5 5 5 7 7 7 7 7 8 8
-50.95825549
ni-37Y1-a
H H H H H H H C C C N O Ni Ni Ni Ni Ni Ni
0 0 0 1 1 2 3 3 4 5 6 6 7 7 7 7 7 8 10 10 10 10 11 11 11 15 17 7 14 8 8 13 9 9 9 12 8 10 13 14 16 9 11 15 16 17 16 17
11 15 17 7 14 8 8 13 9 9 9 12 8 10 13 14 16 9 11 15 16 17 16 17 0 0 0 1 1 2 3 3 4 5 6 6 7 7 7 7 7 8 10 10 10 10 11 11
-67.23240250999999
ni-37Y2-a
H H H H H H H C C C N O Ni Ni Ni Ni Ni Ni Ni
0 0 0 1 1 1 2 3 4 4 5 6 7 7 7 7 8 10 10 10 10 10 11 11 13 18 7 15 17 8 8 9 14 9 9 8 10 12 17 9 11 15 16 17 18 18
11 13 18 7 15 17 8 8 9 14 9 9 8 10 12 17 9 11 15 16 17 18 18 0 0 0 1 1 1 2 3 4 4 5 6 7 7 7 7 8 10 10 10 10 10 11
-67.53765324
ni-37Y3-a
H H H H H H H C C C N O Ni Ni Ni Ni Ni
0 0 0 1 2 3 4 4 5 6 7 7 7 7 8 9 9 10 10 10 10 10 11 11 11 12 15 8 8 8 9 13 9 9 8 9 10 16 16 13 16 11 13 14 15 16 15 16
11 12 15 8 8 8 9 13 9 9 8 9 10 16 16 13 16 11 13 14 15 16 15 16 0 0 0 1 2 3 4 4 5 6 7 7 7 7 8 9 9 10 10 10 10 10 11 11
-67.63834752999998
ni-49Y1-a
H H H H H H H H H C C C C N O Ni Ni Ni Ni Ni Ni
0 0 0 0 1 2 3 3 3 4 5 6 6 7 8 9 9 10 11 13 13 14 18 19 20 9 10 10 15 17 11 11 12 16 12 12 10 13 11 12 14 19
14 18 19 20 9 10 10 15 17 11 11 12 16 12 12 10 13 11 12 14 19 0 0 0 0 1 2 3 3 3 4 5 6 6 7 8 9 9 10 11 13 13
-84.37988941999998
ni-49Y2-a
H H H H H H H H H C C C C N O Ni Ni Ni Ni
0 0 0 0 1 1 2 3 4 5 6 7 8 9 9 10 11 13 13 14 16 17 18 9 15 10 10 11 11 12 12 12 10 13 11 12 14 18
14 16 17 18 9 15 10 10 11 11 12 12 12 10 13 11 12 14 18 0 0 0 0 1 1 2 3 4 5 6 7 8 9 9 10 11 13 13
-84.30900349000001
ni-49Y3-a
H H H H H H H H H C C C C N O Ni Ni Ni Ni Ni Ni
0 0 0 1 1 2 3 4 5 5 6 6 7 8 9 9 9 9 10 10 13 13 13 13 13 14 14 14 16 20 9 19 11 11 11 10 17 12 15 12 12 10 13 17 19 11 12 14 17 18 19 20 19 20
14 16 20 9 19 11 11 11 10 17 12 15 12 12 10 13 17 19 11 12 14 17 18 19 20 19 20 0 0 0 1 1 2 3 4 5 5 6 6 7 8 9 9 9 9 10 10 13 13 13 13 13 14 14
-84.18599628999999
ni-49Y4-a
H H H H H H H H H C C C C N O Ni Ni Ni Ni Ni Ni
0 0 0 1 1 1 2 3 4 5 6 6 7 8 9 9 9 10 10 13 13 13 13 13 14 14 14 16 17 9 18 19 11 11 11 10 12 20 12 12 10 13 19 11 12 14 15 17 18 19 17 19
14 16 17 9 18 19 11 11 11 10 12 20 12 12 10 13 19 11 12 14 15 17 18 19 17 19 0 0 0 1 1 1 2 3 4 5 6 6 7 8 9 9 9 10 10 13 13 13 13 13 14 14
-84.29220284000002
ni-49Y5-a
H H H H H H H H H C C C C N O Ni Ni Ni Ni Ni
0 0 0 1 1 2 3 4 5 6 7 8 8 9 9 9 11 13 13 13 14 14 15 18 10 19 10 10 11 11 12 12 12 16 10 11 13 12 14 17 18 18
14 15 18 10 19 10 10 11 11 12 12 12 16 10 11 13 12 14 17 18 18 0 0 0 1 1 2 3 4 5 6 7 8 8 9 9 9 11 13 13 13 14
-83.99691196999999
ni-49Y6-a
H H H H H H H H H C C C C N O Ni Ni Ni Ni Ni
0 0 0 1 1 2 3 4 5 6 7 8 9 9 9 9 10 11 11 13 13 13 13 13 14 14 14 16 17 11 18 11 11 10 10 12 12 12 10 11 13 19 12 18 19 14 15 17 18 19 17 19
14 16 17 11 18 11 11 10 10 12 12 12 10 11 13 19 12 18 19 14 15 17 18 19 17 19 0 0 0 1 1 2 3 4 5 6 7 8 9 9 9 9 10 11 11 13 13 13 13 13 14 14
-84.24582549999997
os-13Y1-a
H H H C N O Os Os Os Os Os
0 0 1 1 1 2 2 2 2 3 3 3 4 4 4 4 4 5 5 3 10 3 7 10 5 6 8 9 4 7 10 5 7 8 9 10 8 9
3 10 3 7 10 5 6 8 9 4 7 10 5 7 8 9 10 8 9 0 0 1 1 1 2 2 2 2 3 3 3 4 4 4 4 4 5 5
-34.46300537000002
os-25Y1-a
H H H H H C C N O Os Os Os Os Os
0 0 0 0 1 2 2 3 4 4 5 5 7 7 8 8 10 12 13 5 6 11 6 6 9 6 7 8 12 13
8 10 12 13 5 6 11 6 6 9 6 7 8 12 13 0 0 0 0 1 2 2 3 4 4 5 5 7 7 8
-51.25822432000007
os-25Y2-a
H H H H H C C N O Os Os Os Os Os
0 0 0 0 1 1 1 2 3 4 5 5 5 7 7 7 7 7 8 8 8 9 10 13 5 11 12 6 6 6 6 7 12 8 9 11 12 13 9 12
8 9 10 13 5 11 12 6 6 6 6 7 12 8 9 11 12 13 9 12 0 0 0 0 1 1 1 2 3 4 5 5 5 7 7 7 7 7 8 8
-51.248648520000074
os-37Y1-a
H H H H H H H C C C N O Os Os Os Os Os Os
0 0 0 1 1 1 2 3 3 4 5 6 6 7 7 7 7 7 8 10 10 10 10 11 11 11 11 15 17 7 14 16 8 8 13 9 9 9 12 8 10 13 14 16 9 11 15 16 17 15 16 17
11 15 17 7 14 16 8 8 13 9 9 9 12 8 10 13 14 16 9 11 15 16 17 15 16 17 0 0 0 1 1 1 2 3 3 4 5 6 6 7 7 7 7 7 8 10 10 10 10 11 11 11
-67.50555968000003
os-37Y2-a
H H H H H H H C C C N O Os Os Os Os Os Os
0 0 0 1 1 2 3 4 4 5 6 7 7 7 7 7 8 10 10 10 10 10 11 11 11 11 15 17 7 14 8 8 9 13 9 9 8 10 12 14 16 9 11 14 15 16 17 15 16 17
11 15 17 7 14 8 8 9 13 9 9 8 10 12 14 16 9 11 14 15 16 17 15 16 17 0 0 0 1 1 2 3 4 4 5 6 7 7 7 7 7 8 10 10 10 10 10 11 11 11
-67.83245346000001
os-37Y3-a
H H H H H H H C C C N O Os Os Os Os Os
0 0 0 0 1 2 3 4 4 5 6 7 7 7 7 7 9 10 10 10 10 10 11 11 11 12 14 15 8 8 8 9 13 9 9 8 9 10 13 16 13 11 13 14 15 16 15 16
11 12 14 15 8 8 8 9 13 9 9 8 9 10 13 16 13 11 13 14 15 16 15 16 0 0 0 0 1 2 3 4 4 5 6 7 7 7 7 7 9 10 10 10 10 10 11 11
-67.96392168
os-49Y1-a
H H H H H H H H H C C C C N O Os Os Os Os Os Os
0 0 0 0 1 2 3 3 4 4 5 6 6 7 8 9 9 10 11 13 13 14 14 18 19 20 9 10 10 17 11 15 11 12 16 12 12 10 13 11 12 14 19 18
14 18 19 20 9 10 10 17 11 15 11 12 16 12 12 10 13 11 12 14 19 18 0 0 0 0 1 2 3 3 4 4 5 6 6 7 8 9 9 10 11 13 13 14
-84.59835547
os-49Y2-a
H H H H H H H H H C C C C N O Os Os Os Os
0 0 0 0 1 1 2 3 4 5 6 7 8 9 9 9 10 11 13 13 14 14 16 17 18 9 15 10 10 11 11 12 12 12 10 13 15 11 12 14 18 18
14 16 17 18 9 15 10 10 11 11 12 12 12 10 13 15 11 12 14 18 18 0 0 0 0 1 1 2 3 4 5 6 7 8 9 9 9 10 11 13 13 14
-84.61031508000008
os-49Y3-a
H H H H H H H H H C C C C N O Os Os Os Os Os Os
0 0 0 1 1 2 3 4 5 5 6 6 7 8 9 9 9 9 9 10 10 13 13 13 13 13 14 14 16 20 9 19 11 11 11 10 17 12 15 12 12 10 13 18 19 20 11 12 14 16 18 19 20 18
14 16 20 9 19 11 11 11 10 17 12 15 12 12 10 13 18 19 20 11 12 14 16 18 19 20 18 0 0 0 1 1 2 3 4 5 5 6 6 7 8 9 9 9 9 9 10 10 13 13 13 13 13 14
-84.96408385000007
os-49Y4-a
H H H H H H H H H C C C C N O Os Os Os Os Os Os
0 0 0 0 1 1 1 2 3 4 5 6 6 7 8 9 9 9 10 10 13 13 13 13 13 14 14 14 15 16 17 9 18 19 11 11 11 10 12 20 12 12 10 13 19 11 12 14 15 17 18 19 17 19
14 15 16 17 9 18 19 11 11 11 10 12 20 12 12 10 13 19 11 12 14 15 17 18 19 17 19 0 0 0 0 1 1 1 2 3 4 5 6 6 7 8 9 9 9 10 10 13 13 13 13 13 14 14
-84.58572163000008
os-49Y5-a
H H H H H H H H H C C C C N O Os Os Os Os Os
0 0 0 1 2 3 4 5 6 7 8 8 9 9 9 9 11 13 13 13 13 14 14 15 18 10 10 10 11 11 12 12 12 16 10 11 13 19 12 14 17 18 19 18
14 15 18 10 10 10 11 11 12 12 12 16 10 11 13 19 12 14 17 18 19 18 0 0 0 1 2 3 4 5 6 7 8 8 9 9 9 9 11 13 13 13 13 14
-84.12578726000004
os-49Y6-a
H H H H H H H H H C C C C N O Os Os Os Os Os Os
0 0 0 0 1 1 2 3 4 5 5 6 7 8 9 9 9 9 9 10 11 11 13 13 13 13 13 14 14 14 15 16 17 11 19 11 11 10 10 18 12 12 12 10 11 13 19 20 12 19 20 14 15 17 19 20 17 20
14 15 16 17 11 19 11 11 10 10 18 12 12 12 10 11 13 19 20 12 19 20 14 15 17 19 20 17 20 0 0 0 0 1 1 2 3 4 5 5 6 7 8 9 9 9 9 9 10 11 11 13 13 13 13 13 14 14
-84.56931685000006
pd-13Y1-a
H H H C N O Pd Pd Pd Pd Pd
0 0 1 1 1 2 2 2 3 3 3 3 4 4 4 4 5 5 3 10 3 7 10 5 6 9 4 7 8 10 5 8 9 10 8 9
3 10 3 7 10 5 6 9 4 7 8 10 5 8 9 10 8 9 0 0 1 1 1 2 2 2 3 3 3 3 4 4 4 4 5 5
-34.19558809000003
pd-25Y1-a
H H H H H C C N O Pd Pd Pd Pd Pd
0 0 0 0 1 2 2 2 3 4 5 5 7 7 8 8 10 12 13 5 6 9 11 6 6 6 7 8 12 13
8 10 12 13 5 6 9 11 6 6 6 7 8 12 13 0 0 0 0 1 2 2 2 3 4 5 5 7 7 8
-51.065357560000024
pd-25Y2-a
H H H H H C C N O Pd Pd Pd Pd Pd
0 0 0 1 1 1 2 3 4 5 5 5 5 6 7 7 7 7 8 8 10 13 5 11 12 6 6 6 6 7 12 13 12 8 9 12 13 9
8 10 13 5 11 12 6 6 6 6 7 12 13 12 8 9 12 13 9 0 0 0 1 1 1 2 3 4 5 5 5 5 6 7 7 7 7 8
-50.979212509999996
pd-37Y1-a
H H H H H H H C C C N O Pd Pd Pd Pd Pd Pd
0 0 0 1 1 1 2 3 3 4 5 6 6 7 7 7 7 7 8 8 10 10 10 11 11 11 11 15 17 7 14 16 8 8 13 9 9 9 12 8 10 13 14 16 9 16 11 15 16 15 16 17
11 15 17 7 14 16 8 8 13 9 9 9 12 8 10 13 14 16 9 16 11 15 16 15 16 17 0 0 0 1 1 1 2 3 3 4 5 6 6 7 7 7 7 7 8 8 10 10 10 11 11 11
-67.19441330000004
pd-37Y2-a
H H H H H H H C C C N O Pd Pd Pd Pd Pd Pd
0 0 0 1 1 1 2 3 4 4 5 6 7 7 7 8 10 10 10 10 11 11 12 15 7 14 16 8 8 9 13 9 9 8 10 16 9 11 15 16 17 17
11 12 15 7 14 16 8 8 9 13 9 9 8 10 16 9 11 15 16 17 17 0 0 0 1 1 1 2 3 4 4 5 6 7 7 7 8 10 10 10 10 11
-67.55573808
pd-37Y3-a
H H H H H H H C C C N O Pd Pd Pd Pd Pd Pd Pd
0 0 0 0 1 1 2 3 4 4 5 6 6 7 7 7 7 7 8 9 9 10 10 10 10 11 11 11 12 15 16 8 18 8 8 9 13 9 9 14 8 9 10 15 17 17 13 17 11 15 16 17 15 16
11 12 15 16 8 18 8 8 9 13 9 9 14 8 9 10 15 17 17 13 17 11 15 16 17 15 16 0 0 0 0 1 1 2 3 4 4 5 6 6 7 7 7 7 7 8 9 9 10 10 10 10 11 11
-67.62333177000002
pd-49Y1-a
H H H H H H H H H C C C C N O Pd Pd Pd Pd Pd Pd
0 0 0 0 1 2 3 3 3 4 4 5 6 6 7 8 9 9 10 11 13 13 14 14 18 19 20 9 10 10 15 17 11 15 11 12 16 12 12 10 13 11 12 14 19 18
14 18 19 20 9 10 10 15 17 11 15 11 12 16 12 12 10 13 11 12 14 19 18 0 0 0 0 1 2 3 3 3 4 4 5 6 6 7 8 9 9 10 11 13 13 14
-84.48234921000002
pd-49Y2-a
H H H H H H H H H C C C C N O Pd Pd Pd Pd
0 0 0 0 1 1 2 3 4 5 6 7 8 9 9 9 10 11 13 13 14 16 17 18 9 15 10 10 11 11 12 12 12 10 13 15 11 12 14 18
14 16 17 18 9 15 10 10 11 11 12 12 12 10 13 15 11 12 14 18 0 0 0 0 1 1 2 3 4 5 6 7 8 9 9 9 10 11 13 13
-84.31817396
pd-49Y3-a
H H H H H H H H H C C C C N O Pd Pd Pd Pd Pd Pd
0 0 0 0 1 1 2 3 4 4 5 5 5 5 6 7 8 9 9 9 9 10 10 10 13 13 13 13 14 14 14 16 18 20 9 19 11 11 11 17 10 15 17 19 12 12 12 10 13 18 19 11 12 17 14 18 19 20 18 20
14 16 18 20 9 19 11 11 11 17 10 15 17 19 12 12 12 10 13 18 19 11 12 17 14 18 19 20 18 20 0 0 0 0 1 1 2 3 4 4 5 5 5 5 6 7 8 9 9 9 9 10 10 10 13 13 13 13 14 14
-84.11997972000003
pd-49Y4-a
H H H H H H H H H C C C C N O Pd Pd Pd Pd Pd Pd
0 0 0 0 1 1 1 2 3 4 5 6 6 7 8 9 9 9 9 10 10 10 13 13 13 13 14 14 15 16 17 9 18 19 11 11 11 10 12 20 12 12 10 13 15 19 11 12 19 14 15 17 19 17
14 15 16 17 9 18 19 11 11 11 10 12 20 12 12 10 13 15 19 11 12 19 14 15 17 19 17 0 0 0 0 1 1 1 2 3 4 5 6 6 7 8 9 9 9 9 10 10 10 13 13 13 13 14
-84.27417441000003
pd-49Y5-a
H H H H H H H H H C C C C N O Pd Pd Pd Pd Pd
0 0 0 0 1 2 3 4 5 5 6 7 8 8 9 9 9 11 13 13 14 14 15 18 19 10 10 10 11 11 16 12 12 12 17 10 11 13 12 14 18 15
14 15 18 19 10 10 10 11 11 16 12 12 12 17 10 11 13 12 14 18 15 0 0 0 0 1 2 3 4 5 5 6 7 8 8 9 9 9 11 13 13 14
-84.62177578999999
pd-49Y6-a
H H H H H H H H H C C C C N O Pd Pd Pd Pd Pd Pd Pd
0 0 0 0 1 1 2 2 3 4 5 5 6 7 8 9 9 9 9 9 10 10 11 11 13 13 13 13 14 14 14 15 16 17 11 19 11 20 11 10 10 18 12 12 12 10 11 13 15 21 12 21 19 21 14 15 17 21 15 17
14 15 16 17 11 19 11 20 11 10 10 18 12 12 12 10 11 13 15 21 12 21 19 21 14 15 17 21 15 17 0 0 0 0 1 1 2 2 3 4 5 5 6 7 8 9 9 9 9 9 10 10 11 11 13 13 13 13 14 14
-84.23270112000003
pt-13Y1-a
H H H C N O Pt Pt Pt Pt Pt
0 0 1 1 1 2 2 3 3 3 3 4 4 4 4 5 5 3 10 3 7 10 5 6 4 7 8 10 5 8 9 10 8 9
3 10 3 7 10 5 6 4 7 8 10 5 8 9 10 8 9 0 0 1 1 1 2 2 3 3 3 3 4 4 4 4 5 5
-34.17223402000002
pt-25Y1-a
H H H H H C C N O Pt Pt Pt Pt Pt
0 0 0 0 1 2 2 3 4 4 5 5 7 7 8 8 10 12 13 5 6 11 6 6 9 6 7 8 12 13
8 10 12 13 5 6 11 6 6 9 6 7 8 12 13 0 0 0 0 1 2 2 3 4 4 5 5 7 7 8
-51.131578579999996
pt-25Y2-a
H H H H H C C N O Pt Pt Pt Pt Pt
0 0 0 1 1 1 2 3 4 5 5 5 5 6 7 7 7 7 8 8 10 13 5 11 12 6 6 6 6 7 12 13 12 8 9 12 13 9
8 10 13 5 11 12 6 6 6 6 7 12 13 12 8 9 12 13 9 0 0 0 1 1 1 2 3 4 5 5 5 5 6 7 7 7 7 8
-50.93839694000002
pt-37Y1-a
H H H H H H H C C C N O Pt Pt Pt Pt Pt Pt
0 0 0 1 1 1 2 3 3 4 5 6 6 7 7 7 8 8 10 10 11 11 11 15 17 7 14 16 8 8 13 9 9 9 12 8 10 16 9 16 11 16 16 17
11 15 17 7 14 16 8 8 13 9 9 9 12 8 10 16 9 16 11 16 16 17 0 0 0 1 1 1 2 3 3 4 5 6 6 7 7 7 8 8 10 10 11 11
-66.99199002
pt-37Y2-a
H H H H H H H C C C N O Pt Pt Pt Pt Pt
0 0 0 1 1 1 2 3 4 4 5 6 7 7 7 7 8 10 10 10 11 11 12 15 7 14 16 8 8 9 13 9 9 8 10 15 16 9 11 15 16 15
11 12 15 7 14 16 8 8 9 13 9 9 8 10 15 16 9 11 15 16 15 0 0 0 1 1 1 2 3 4 4 5 6 7 7 7 7 8 10 10 10 11
-67.50085726999998
pt-37Y3-a
H H H H H H H C C C N O Pt Pt Pt Pt Pt
0 0 0 1 2 3 4 4 5 6 7 7 7 7 7 8 9 10 10 10 10 11 11 11 12 14 8 8 8 9 13 9 9 8 9 10 14 16 16 16 11 14 15 16 14 15
11 12 14 8 8 8 9 13 9 9 8 9 10 14 16 16 16 11 14 15 16 14 15 0 0 0 1 2 3 4 4 5 6 7 7 7 7 7 8 9 10 10 10 10 11 11
-67.54167365
pt-49Y1-a
H H H H H H H H H C C C C N O Pt Pt Pt Pt Pt Pt
0 0 0 0 1 2 3 3 4 4 5 6 6 7 8 9 9 10 11 13 13 14 18 19 20 9 10 10 17 11 15 11 12 16 12 12 10 13 11 12 14 19
14 18 19 20 9 10 10 17 11 15 11 12 16 12 12 10 13 11 12 14 19 0 0 0 0 1 2 3 3 4 4 5 6 6 7 8 9 9 10 11 13 13
-84.50953432
pt-49Y2-a
H H H H H H H H H C C C C N O Pt Pt Pt Pt
0 0 0 0 1 1 2 3 4 5 6 7 8 9 9 10 11 13 13 14 16 17 18 9 15 10 10 11 11 12 12 12 10 13 11 12 14 18
14 16 17 18 9 15 10 10 11 11 12 12 12 10 13 11 12 14 18 0 0 0 0 1 1 2 3 4 5 6 7 8 9 9 10 11 13 13
-84.43345980999999
pt-49Y3-a
H H H H H H H H H C C C C N O Pt Pt Pt Pt
0 0 1 2 3 4 4 5 5 6 7 8 9 9 9 10 10 13 14 14 15 9 11 11 11 16 10 18 12 12 12 10 13 17 11 12 14 15
14 15 9 11 11 11 16 10 18 12 12 12 10 13 17 11 12 14 15 0 0 1 2 3 4 4 5 5 6 7 8 9 9 9 10 10 13 14
-83.76496172999998
pt-49Y4-a
H H H H H H H H H C C C C N O Pt Pt Pt Pt Pt Pt
0 0 0 1 1 1 2 3 4 5 6 6 7 8 9 9 9 9 10 10 13 13 13 13 14 14 14 15 16 9 18 19 11 11 11 10 12 20 12 12 10 13 15 19 11 12 14 15 17 19 15 17
14 15 16 9 18 19 11 11 11 10 12 20 12 12 10 13 15 19 11 12 14 15 17 19 15 17 0 0 0 1 1 1 2 3 4 5 6 6 7 8 9 9 9 9 10 10 13 13 13 13 14 14
-84.21623327999998
pt-49Y5-a
H H H H H H H H H C C C C N O Pt Pt Pt Pt Pt
0 0 0 1 1 2 3 4 5 6 7 8 8 9 9 9 11 13 13 14 14 15 18 10 19 10 10 11 11 12 12 12 16 10 11 13 12 14 17 18
14 15 18 10 19 10 10 11 11 12 12 12 16 10 11 13 12 14 17 18 0 0 0 1 1 2 3 4 5 6 7 8 8 9 9 9 11 13 13 14
-83.97734774000003
pt-49Y6-a
H H H H H H H H H C C C C N O Pt Pt Pt Pt Pt
0 0 0 0 1 1 2 3 4 5 6 7 8 9 9 9 9 9 10 10 11 13 13 13 13 14 14 14 15 16 17 11 18 11 11 10 10 12 12 12 10 11 13 15 19 12 19 19 14 15 17 19 15 17
14 15 16 17 11 18 11 11 10 10 12 12 12 10 11 13 15 19 12 19 19 14 15 17 19 15 17 0 0 0 0 1 1 2 3 4 5 6 7 8 9 9 9 9 9 10 10 11 13 13 13 13 14 14
-84.12778259999999
rh-13Y1-a
H H H C N O Rh Rh Rh Rh Rh Rh
0 0 1 1 1 2 2 2 2 3 3 3 3 4 4 4 4 4 5 5 5 3 11 3 7 11 5 6 9 10 4 7 8 11 5 7 9 10 11 9 10 11
3 11 3 7 11 5 6 9 10 4 7 8 11 5 7 9 10 11 9 10 11 0 0 1 1 1 2 2 2 2 3 3 3 3 4 4 4 4 4 5 5 5
-34.11267780000003
rh-25Y1-a
H H H H H C C N O Rh Rh Rh Rh Rh
0 0 0 0 1 2 2 2 3 4 5 5 7 7 8 8 10 12 13 5 6 9 11 6 6 6 7 8 12 13
8 10 12 13 5 6 9 11 6 6 6 7 8 12 13 0 0 0 0 1 2 2 2 3 4 5 5 7 7 8
-51.09010361999998
rh-25Y2-a
H H H H H C C N O Rh Rh Rh Rh Rh
0 0 0 0 1 1 1 2 3 4 5 5 5 7 7 7 7 7 8 8 8 8 9 10 13 5 11 12 6 6 6 6 7 12 8 9 11 12 13 9 12 13
8 9 10 13 5 11 12 6 6 6 6 7 12 8 9 11 12 13 9 12 13 0 0 0 0 1 1 1 2 3 4 5 5 5 7 7 7 7 7 8 8 8
-50.939961600000004
rh-37Y1-a
H H H H H H H C C C N O Rh Rh Rh Rh Rh Rh
0 0 0 1 1 1 2 3 3 4 5 6 6 7 7 7 7 7 8 10 10 10 10 11 11 11 11 15 17 7 14 16 8 8 13 9 9 9 12 8 10 13 14 16 9 11 15 16 17 15 16 17
11 15 17 7 14 16 8 8 13 9 9 9 12 8 10 13 14 16 9 11 15 16 17 15 16 17 0 0 0 1 1 1 2 3 3 4 5 6 6 7 7 7 7 7 8 10 10 10 10 11 11 11
-67.34062072
rh-37Y2-a
H H H H H H H C C C N O Rh Rh Rh Rh Rh Rh Rh
0 0 0 0 1 1 1 2 3 4 4 5 6 7 7 7 7 8 10 10 10 10 10 11 11 11 11 13 16 18 7 15 17 8 8 9 14 9 9 8 10 12 17 9 11 15 16 17 18 16 17 18
11 13 16 18 7 15 17 8 8 9 14 9 9 8 10 12 17 9 11 15 16 17 18 16 17 18 0 0 0 0 1 1 1 2 3 4 4 5 6 7 7 7 7 8 10 10 10 10 10 11 11 11
-67.50446188000001
rh-37Y3-a
H H H H H H H C C C N O Rh Rh Rh Rh Rh
0 0 0 0 1 2 3 4 4 5 6 7 7 7 7 7 8 9 9 10 10 10 10 10 11 11 11 12 14 15 8 8 8 9 13 9 9 8 9 10 13 16 16 13 16 11 13 14 15 16 15 16
11 12 14 15 8 8 8 9 13 9 9 8 9 10 13 16 16 13 16 11 13 14 15 16 15 16 0 0 0 0 1 2 3 4 4 5 6 7 7 7 7 7 8 9 9 10 10 10 10 10 11 11
-67.62467956
rh-49Y1-a
H H H H H H H H H C C C C N O Rh Rh Rh Rh Rh Rh
0 0 0 0 1 2 3 3 3 4 4 5 6 6 7 8 9 9 10 11 13 13 14 14 14 18 19 20 9 10 10 15 17 11 15 11 12 16 12 12 10 13 11 12 14 19 18 20
14 18 19 20 9 10 10 15 17 11 15 11 12 16 12 12 10 13 11 12 14 19 18 20 0 0 0 0 1 2 3 3 3 4 4 5 6 6 7 8 9 9 10 11 13 13 14 14
-84.46578632
rh-49Y2-a
H H H H H H H H H C C C C N O Rh Rh Rh Rh Rh
0 0 0 0 1 1 2 3 4 5 6 7 8 9 9 10 11 13 13 13 14 14 15 17 18 9 16 10 10 11 11 12 12 12 10 13 11 12 14 15 19 15
14 15 17 18 9 16 10 10 11 11 12 12 12 10 13 11 12 14 15 19 15 0 0 0 0 1 1 2 3 4 5 6 7 8 9 9 10 11 13 13 13 14
-84.38601697000001
rh-49Y3-a
H H H H H H H H H C C C C N O Rh Rh Rh Rh Rh Rh
0 0 0 0 1 1 2 3 4 4 5 5 6 7 8 9 9 9 10 10 13 13 13 13 13 14 14 14 16 18 20 9 19 11 11 11 17 10 15 12 12 12 10 13 19 11 12 14 17 18 19 20 19 20
14 16 18 20 9 19 11 11 11 17 10 15 12 12 12 10 13 19 11 12 14 17 18 19 20 19 20 0 0 0 0 1 1 2 3 4 4 5 5 6 7 8 9 9 9 10 10 13 13 13 13 13 14 14
-83.98696247999999
rh-49Y4-a
H H H H H H H H H C C C C N O Rh Rh Rh Rh Rh Rh
0 0 0 0 1 1 1 2 3 4 5 6 6 7 8 9 9 9 10 10 13 13 13 13 13 14 14 14 15 16 17 9 18 19 11 11 11 10 12 20 12 12 10 13 19 11 12 14 15 17 18 19 17 19
14 15 16 17 9 18 19 11 11 11 10 12 20 12 12 10 13 19 11 12 14 15 17 18 19 17 19 0 0 0 0 1 1 1 2 3 4 5 6 6 7 8 9 9 9 10 10 13 13 13 13 13 14 14
-84.25652615000001
rh-49Y5-a
H H H H H H H H H C C C C N O Rh Rh Rh Rh Rh Rh
0 0 0 1 1 2 3 4 5 6 7 8 8 9 9 9 9 11 13 13 13 13 14 14 15 18 10 20 10 10 11 11 12 12 12 16 10 11 13 19 12 14 17 18 19 18
14 15 18 10 20 10 10 11 11 12 12 12 16 10 11 13 19 12 14 17 18 19 18 0 0 0 1 1 2 3 4 5 6 7 8 8 9 9 9 9 11 13 13 13 13 14
-84.02695083000003
rh-49Y6-a
H H H H H H H H H C C C C N O Rh Rh Rh Rh Rh Rh
0 0 0 0 1 1 2 3 4 5 5 6 7 8 9 9 9 9 10 11 13 13 13 13 13 14 14 14 15 16 17 11 19 11 11 10 10 18 12 12 12 10 11 13 20 12 20 14 15 17 19 20 17 20
14 15 16 17 11 19 11 11 10 10 18 12 12 12 10 11 13 20 12 20 14 15 17 19 20 17 20 0 0 0 0 1 1 2 3 4 5 5 6 7 8 9 9 9 9 10 11 13 13 13 13 13 14 14
-84.23354079
ru-13Y1-a
H H H C N O Ru Ru Ru Ru Ru
0 0 1 1 1 2 2 3 3 3 3 4 4 4 4 4 5 5 5 3 10 3 6 10 5 9 4 6 7 10 5 6 8 9 10 8 9 10
3 10 3 6 10 5 9 4 6 7 10 5 6 8 9 10 8 9 10 0 0 1 1 1 2 2 3 3 3 3 4 4 4 4 4 5 5 5
-34.44897904999999
ru-25Y1-a
H H H H H C C N O Ru Ru Ru Ru Ru
0 0 0 0 1 2 2 2 3 4 4 5 5 7 7 7 8 8 8 10 12 13 5 6 9 11 6 6 9 6 7 8 10 12 10 13
8 10 12 13 5 6 9 11 6 6 9 6 7 8 10 12 10 13 0 0 0 0 1 2 2 2 3 4 4 5 5 7 7 7 8 8
-51.07524374000002
ru-25Y2-a
H H H H H C C N O Ru Ru Ru Ru Ru Ru
0 0 0 0 1 1 1 2 3 4 5 5 5 5 7 7 7 7 7 8 8 8 9 10 14 5 12 13 6 6 6 6 7 11 13 8 9 12 13 14 9 13
8 9 10 14 5 12 13 6 6 6 6 7 11 13 8 9 12 13 14 9 13 0 0 0 0 1 1 1 2 3 4 5 5 5 5 7 7 7 7 7 8 8
-51.21207830000003
ru-37Y1-a
H H H H H H H C C C N O Ru Ru Ru Ru Ru Ru
0 0 0 1 1 1 2 3 3 4 5 6 6 7 7 7 7 7 8 10 10 10 10 11 11 11 11 15 17 7 14 16 8 8 13 9 9 9 12 8 10 13 14 16 9 11 15 16 17 15 16 17
11 15 17 7 14 16 8 8 13 9 9 9 12 8 10 13 14 16 9 11 15 16 17 15 16 17 0 0 0 1 1 1 2 3 3 4 5 6 6 7 7 7 7 7 8 10 10 10 10 11 11 11
-67.53656008000002
ru-37Y2-a
H H H H H H H C C C N O Ru Ru Ru Ru Ru Ru Ru
0 0 0 1 1 1 2 3 4 4 5 6 6 7 7 7 7 8 10 10 10 10 10 11 11 11 16 18 7 15 17 8 8 9 13 9 9 14 8 10 12 17 9 11 15 16 17 18 17 18
11 16 18 7 15 17 8 8 9 13 9 9 14 8 10 12 17 9 11 15 16 17 18 17 18 0 0 0 1 1 1 2 3 4 4 5 6 6 7 7 7 7 8 10 10 10 10 10 11 11
-67.81640887999998
ru-37Y3-a
H H H H H H H C C C N O Ru Ru Ru Ru Ru
0 0 0 0 1 2 3 4 4 5 6 7 7 7 7 7 9 10 10 10 10 10 11 11 11 12 14 15 8 8 8 9 13 9 9 8 9 10 13 16 13 11 13 14 15 16 15 16
11 12 14 15 8 8 8 9 13 9 9 8 9 10 13 16 13 11 13 14 15 16 15 16 0 0 0 0 1 2 3 4 4 5 6 7 7 7 7 7 9 10 10 10 10 10 11 11
-67.93845557000003
ru-49Y1-a
H H H H H H H H H C C C C N O Ru Ru Ru Ru Ru Ru
0 0 0 0 1 2 3 3 4 4 5 6 6 7 8 9 9 10 11 13 13 14 14 14 18 19 20 9 10 10 17 11 15 11 12 16 12 12 10 13 11 12 14 19 18 20
14 18 19 20 9 10 10 17 11 15 11 12 16 12 12 10 13 11 12 14 19 18 20 0 0 0 0 1 2 3 3 4 4 5 6 6 7 8 9 9 10 11 13 13 14 14
-84.38745649999998
ru-49Y2-a
H H H H H H H H H C C C C N O Ru Ru Ru Ru Ru
0 0 0 0 1 1 2 3 4 5 6 7 8 9 9 10 11 13 13 13 13 14 14 15 17 18 9 16 10 10 11 11 12 12 12 10 13 11 12 14 15 16 19 18
14 15 17 18 9 16 10 10 11 11 12 12 12 10 13 11 12 14 15 16 19 18 0 0 0 0 1 1 2 3 4 5 6 7 8 9 9 10 11 13 13 13 13 14
-84.37433604
ru-49Y3-a
H H H H H H H H H C C C C N O Ru Ru Ru Ru Ru Ru Ru Ru Ru
0 0 0 0 1 1 2 3 4 5 5 6 6 7 8 9 9 9 10 10 13 13 13 14 14 14 14 14 18 22 23 9 21 11 11 11 10 15 12 16 12 12 10 13 21 11 12 19 20 21 17 18 22 23
14 18 22 23 9 21 11 11 11 10 15 12 16 12 12 10 13 21 11 12 19 20 21 17 18 22 23 0 0 0 0 1 1 2 3 4 5 5 6 6 7 8 9 9 9 10 10 13 13 13 14 14 14 14
-86.85085279000003
ru-49Y4-a
H H H H H H H H H C C C C N O Ru Ru Ru Ru Ru Ru Ru
0 0 0 0 1 1 1 2 3 4 5 6 6 7 8 9 9 9 9 10 10 13 13 13 13 13 14 14 14 15 16 17 9 18 20 11 11 11 10 12 21 12 12 10 13 19 20 11 12 14 15 17 18 20 17 20
14 15 16 17 9 18 20 11 11 11 10 12 21 12 12 10 13 19 20 11 12 14 15 17 18 20 17 20 0 0 0 0 1 1 1 2 3 4 5 6 6 7 8 9 9 9 9 10 10 13 13 13 13 13 14 14
-84.54019141000003
ru-49Y5-a
H H H H H H H H H C C C C N O Ru Ru Ru Ru Ru Ru
0 0 0 1 1 2 3 4 5 6 7 8 8 9 9 9 9 11 13 13 13 13 14 14 14 15 18 10 20 10 10 11 11 12 12 12 16 10 11 13 19 12 14 17 18 19 17 18
14 15 18 10 20 10 10 11 11 12 12 12 16 10 11 13 19 12 14 17 18 19 17 18 0 0 0 1 1 2 3 4 5 6 7 8 8 9 9 9 9 11 13 13 13 13 14 14
-84.04934262
ru-49Y6-a
H H H H H H H H H C C C C N O Ru Ru Ru Ru Ru Ru
0 0 0 0 1 1 2 3 4 5 5 6 7 8 9 9 9 9 9 10 11 13 13 13 13 13 14 14 14 15 16 17 11 19 11 11 10 10 18 12 12 12 10 11 13 19 20 12 19 14 15 17 19 20 17 20
14 15 16 17 11 19 11 11 10 10 18 12 12 12 10 11 13 19 20 12 19 14 15 17 19 20 17 20 0 0 0 0 1 1 2 3 4 5 5 6 7 8 9 9 9 9 9 10 11 13 13 13 13 13 14 14
-84.54390801
zn-13Y1-a
H H H C N O Zn
0 1 2 3 4 4 3 3 5 4 5 6
3 3 5 4 5 6 0 1 2 3 4 4
-33.59995651
zn-25Y1-a
H H H H H C C N O Zn Zn Zn
0 0 0 1 2 3 4 5 5 7 7 8 9 11 5 6 6 6 6 7 8 10
8 9 11 5 6 6 6 6 7 8 10 0 0 0 1 2 3 4 5 5 7 7
-50.44821313
zn-25Y2-a
H H H H H C C N O Zn
0 1 2 3 4 5 5 7 7 8 5 6 6 6 6 7 8 9
8 5 6 6 6 6 7 8 9 0 1 2 3 4 5 5 7 7
-50.475371530000004
zn-37Y1-a
H H H H H H H C C C N O Zn
0 1 2 3 4 5 6 7 7 8 10 11 11 7 8 8 9 9 9 8 10 9 11 12
11 7 8 8 9 9 9 8 10 9 11 12 0 1 2 3 4 5 6 7 7 8 10 11
-66.84765447
zn-37Y2-a
H H H H H H H C C C N O Zn Zn
0 0 1 2 3 4 5 6 7 7 8 10 10 11 13 7 8 8 9 9 9 8 10 9 11 12
11 13 7 8 8 9 9 9 8 10 9 11 12 0 0 1 2 3 4 5 6 7 7 8 10 10
-67.05036145999999
zn-37Y3-a
H H H H H H H C C C N O Zn Zn Zn
0 0 0 1 2 3 4 5 6 7 7 7 10 10 11 13 14 8 8 8 9 9 9 8 9 10 11 12
11 13 14 8 8 8 9 9 9 8 9 10 11 12 0 0 0 1 2 3 4 5 6 7 7 7 10 10
-67.30648785999999
zn-49Y1-a
H H H H H H H H H C C C C N O Zn Zn
0 0 1 2 3 4 5 6 7 8 9 9 10 11 13 13 14 15 9 10 10 11 11 12 12 12 10 13 11 12 14 16
14 15 9 10 10 11 11 12 12 12 10 13 11 12 14 16 0 0 1 2 3 4 5 6 7 8 9 9 10 11 13 13
-83.77011414
zn-49Y2-a
H H H H H H H H H C C C C N O Zn
0 1 2 3 4 5 6 7 8 9 9 10 11 13 13 14 9 10 10 11 11 12 12 12 10 13 11 12 14 15
14 9 10 10 11 11 12 12 12 10 13 11 12 14 15 0 1 2 3 4 5 6 7 8 9 9 10 11 13 13
-83.67244919999999
zn-49Y3-a
H H H H H H H H H C C C C N O Zn
0 1 2 3 4 5 6 7 8 9 9 10 10 13 14 14 9 11 11 11 10 12 12 12 10 13 11 12 14 15
14 9 11 11 11 10 12 12 12 10 13 11 12 14 15 0 1 2 3 4 5 6 7 8 9 9 10 10 13 14
-83.51264069999999
zn-49Y4-a
H H H H H H H H H C C C C N O Zn Zn
0 0 1 2 3 4 5 6 7 8 9 9 10 10 13 13 14 16 9 11 11 11 10 12 12 12 10 13 11 12 14 15
14 16 9 11 11 11 10 12 12 12 10 13 11 12 14 15 0 0 1 2 3 4 5 6 7 8 9 9 10 10 13 13
-83.67036886
zn-49Y5-a
H H H H H H H H H C C C C N O Zn
0 1 2 3 4 5 6 7 8 9 9 9 11 13 14 14 10 10 10 11 11 12 12 12 10 11 13 12 14 15
14 10 10 10 11 11 12 12 12 10 11 13 12 14 15 0 1 2 3 4 5 6 7 8 9 9 9 11 13 14
-83.72518238
zn-49Y6-a
H H H H H H H H H C C C C N O Zn Zn Zn
0 0 0 1 2 3 4 5 6 7 8 9 9 9 10 13 13 14 15 17 11 11 11 10 10 12 12 12 10 11 13 12 14 16
14 15 17 11 11 11 10 10 12 12 12 10 11 13 12 14 16 0 0 0 1 2 3 4 5 6 7 8 9 9 9 10 13 13
-83.87857606
