ag-13_1-a
H H H C N O O Ag Ag Ag
0 0 0 1 2 3 3 3 5 4 7 8 4 6 4 5 6 9
4 7 8 4 6 4 5 6 9 0 0 0 1 2 3 3 3 5
-42.77673748000001
ag-25_1-a
H H H H H C C N O O Ag Ag
0 1 2 3 4 5 5 5 5 6 8 9 9 7 6 6 6 7 8 9 11 7 10 11
9 7 6 6 6 7 8 9 11 7 10 11 0 1 2 3 4 5 5 5 5 6 8 9
-59.16382761
ag-25_2-a
H H H H H C C N O O Ag Ag
0 0 1 2 3 4 5 5 5 5 6 8 7 10 7 6 6 6 7 8 9 11 9 11
7 10 7 6 6 6 7 8 9 11 9 11 0 0 1 2 3 4 5 5 5 5 6 8
-59.21425125000002
ag-37_1-a
H H H H H H H C C C N O O Ag Ag Ag
0 1 2 3 3 4 5 6 7 7 7 7 8 8 11 12 12 10 8 8 15 9 9 9 10 11 12 14 9 10 14 13
12 10 8 8 15 9 9 9 10 11 12 14 9 10 14 13 0 1 2 3 3 4 5 6 7 7 7 7 8 8 11 12
-75.91707688
ag-37_2-a
H H H H H H H C C C N O O Ag Ag Ag
0 0 1 2 2 3 4 5 6 7 7 7 7 8 8 11 10 13 10 8 15 8 9 9 9 10 11 12 14 9 12 14
10 13 10 8 15 8 9 9 9 10 11 12 14 9 12 14 0 0 1 2 2 3 4 5 6 7 7 7 7 8 8 11
-75.98488033000001
ag-37_3-a
H H H H H H H C C C N O O Ag Ag Ag
0 1 2 3 4 5 6 7 7 7 7 7 8 9 11 12 12 8 8 8 9 9 9 10 11 12 14 15 10 10 14 13
12 8 8 8 9 9 9 10 11 12 14 15 10 10 14 13 0 1 2 3 4 5 6 7 7 7 7 7 8 9 11 12
-75.61194427000001
ag-37_4-a
H H H H H H H C C C N O O Ag Ag Ag
0 1 2 3 4 5 5 6 7 7 7 8 9 10 12 9 9 9 10 8 8 13 8 10 11 12 10 12 14 15
9 9 9 10 8 8 13 8 10 11 12 10 12 14 15 0 1 2 3 4 5 5 6 7 7 7 8 9 10 12
-75.54922552
ag-49_1-a
H H H H H H H H H C C C C N O O Ag Ag Ag
0 1 2 3 4 5 5 6 7 8 9 9 9 9 10 10 10 14 15 15 13 11 11 11 10 17 12 12 12 13 14 15 16 11 12 13 16 18
15 13 11 11 11 10 17 12 12 12 13 14 15 16 11 12 13 16 18 0 1 2 3 4 5 5 6 7 8 9 9 9 9 10 10 10 14 15
-92.63604442000002
ag-49_2-a
H H H H H H H H H C C C C N O O Ag Ag Ag Ag
0 0 1 2 3 4 4 5 6 7 8 9 9 9 10 10 11 13 14 15 15 19 13 10 10 11 16 11 12 12 12 13 14 15 11 13 12 18 17 19
15 19 13 10 10 11 16 11 12 12 12 13 14 15 11 13 12 18 17 19 0 0 1 2 3 4 4 5 6 7 8 9 9 9 10 10 11 13 14 15
-92.57773906
ag-49_3-a
H H H H H H H H H C C C C N O O Ag Ag Ag
0 0 1 2 3 4 5 5 6 7 8 9 9 9 9 10 10 10 14 13 16 13 11 11 11 10 18 12 12 12 13 14 15 17 11 12 15 17
13 16 13 11 11 11 10 18 12 12 12 13 14 15 17 11 12 15 17 0 0 1 2 3 4 5 5 6 7 8 9 9 9 9 10 10 10 14
-92.75822096000002
ag-49_4-a
H H H H H H H H H C C C C N O O Ag Ag
0 1 2 3 4 5 6 7 8 9 9 9 9 10 10 11 13 14 13 13 10 10 11 11 12 12 12 13 14 15 16 11 15 12 17 16
13 13 10 10 11 11 12 12 12 13 14 15 16 11 15 12 17 16 0 1 2 3 4 5 6 7 8 9 9 9 9 10 10 11 13 14
-92.64822321
ag-49_5-a
H H H H H H H H H C C C C N O O Ag Ag Ag Ag
0 1 2 3 4 4 5 6 7 8 9 9 9 9 9 10 10 11 14 15 15 11 11 11 10 18 10 12 12 12 13 14 15 17 19 12 13 13 17 16
15 11 11 11 10 18 10 12 12 12 13 14 15 17 19 12 13 13 17 16 0 1 2 3 4 4 5 6 7 8 9 9 9 9 9 10 10 11 14 15
-92.31394579000002
ag-49_6-a
H H H H H H H H H C C C C N O O Ag Ag Ag
0 1 2 3 4 5 5 6 7 8 8 9 9 9 10 10 11 13 11 11 11 13 10 10 16 12 12 12 18 13 14 15 12 13 15 17
11 11 11 13 10 10 16 12 12 12 18 13 14 15 12 13 15 17 0 1 2 3 4 5 5 6 7 8 8 9 9 9 10 10 11 13
-92.24606987000001
ag-49_7-a
H H H H H H H H H C C C C N O O Ag Ag Ag Ag Ag
0 1 2 3 3 4 4 5 6 6 7 8 9 9 9 10 11 11 13 15 13 10 10 10 20 11 18 11 12 16 12 12 13 14 15 13 12 15 19 17
13 10 10 10 20 11 18 11 12 16 12 12 13 14 15 13 12 15 19 17 0 1 2 3 3 4 4 5 6 6 7 8 9 9 9 10 11 11 13 15
-92.33767873
ag-49_8-a
H H H H H H H H H C C C C N O O Ag Ag
0 1 1 2 3 4 5 6 7 8 9 9 9 9 10 11 12 14 10 10 16 10 11 11 11 12 12 12 13 14 15 17 13 13 15 17
10 10 16 10 11 11 11 12 12 12 13 14 15 17 13 13 15 17 0 1 1 2 3 4 5 6 7 8 9 9 9 9 10 11 12 14
-91.9205943
au-13_1-a
H H H C N O O Au Au Au
0 0 0 1 2 3 3 3 5 4 7 8 4 6 4 5 6 9
4 7 8 4 6 4 5 6 9 0 0 0 1 2 3 3 3 5
-42.730240710000004
au-25_1-a
H H H H H C C N O O Au
0 1 2 3 4 5 5 5 6 9 9 7 6 6 6 7 8 9 7 10
9 7 6 6 6 7 8 9 7 10 0 1 2 3 4 5 5 5 6 9
-59.14398170000001
au-25_2-a
H H H H H C C N O O Au Au
0 0 1 2 3 4 5 5 5 6 8 7 10 7 6 6 6 7 8 9 9 11
7 10 7 6 6 6 7 8 9 9 11 0 0 1 2 3 4 5 5 5 6 8
-59.18782017000001
au-37_1-a
H H H H H H H C C C N O O Au Au
0 1 2 3 3 4 5 6 7 7 7 8 8 12 12 10 8 8 14 9 9 9 10 11 12 9 10 13
12 10 8 8 14 9 9 9 10 11 12 9 10 13 0 1 2 3 3 4 5 6 7 7 7 8 8 12
-75.91073998000002
au-37_2-a
H H H H H H H C C C N O O Au Au
0 1 2 2 3 4 5 6 7 7 7 8 8 11 10 10 8 14 8 9 9 9 10 11 12 9 12 13
10 10 8 14 8 9 9 9 10 11 12 9 12 13 0 1 2 2 3 4 5 6 7 7 7 8 8 11
-75.95568947000001
au-37_3-a
H H H H H H H C C C N O O Au Au
0 1 2 3 4 5 6 7 7 7 8 9 11 12 12 8 8 8 9 9 9 10 11 12 10 10 14 13
12 8 8 8 9 9 9 10 11 12 10 10 14 13 0 1 2 3 4 5 6 7 7 7 8 9 11 12
-75.58569446000001
au-37_4-a
H H H H H H H C C C N O O Au
0 1 2 3 4 5 6 7 7 7 8 9 10 9 9 9 10 8 8 8 10 11 12 10 12 13
9 9 9 10 8 8 8 10 11 12 10 12 13 0 1 2 3 4 5 6 7 7 7 8 9 10
-75.58113099000002
au-49_1-a
H H H H H H H H H C C C C N O O Au Au
0 1 2 3 4 5 5 6 7 8 9 9 9 10 10 10 14 15 13 11 11 11 10 17 12 12 12 13 14 15 11 12 13 16
15 13 11 11 11 10 17 12 12 12 13 14 15 11 12 13 16 0 1 2 3 4 5 5 6 7 8 9 9 9 10 10 10 14
-92.60996358
au-49_2-a
H H H H H H H H H C C C C N O O Au Au
0 1 2 3 4 5 6 7 8 9 9 9 10 10 11 13 15 15 13 10 10 11 11 12 12 12 13 14 15 11 13 12 16 17
15 13 10 10 11 11 12 12 12 13 14 15 11 13 12 16 17 0 1 2 3 4 5 6 7 8 9 9 9 10 10 11 13 15
-92.58112328000001
au-49_3-a
H H H H H H H H H C C C C N O O Au Au
0 1 2 3 4 5 5 6 7 8 9 9 9 10 10 10 14 13 13 11 11 11 10 17 12 12 12 13 14 15 11 12 15 16
13 13 11 11 11 10 17 12 12 12 13 14 15 11 12 15 16 0 1 2 3 4 5 5 6 7 8 9 9 9 10 10 10 14
-92.75326948
au-49_4-a
H H H H H H H H H C C C C N O O Au
0 1 2 3 4 5 6 7 8 9 9 9 10 10 11 13 13 13 10 10 11 11 12 12 12 13 14 15 11 15 12 16
13 13 10 10 11 11 12 12 12 13 14 15 11 15 12 16 0 1 2 3 4 5 6 7 8 9 9 9 10 10 11 13
-92.62734821000001
au-49_5-a
H H H H H H H H H C C C C N O O Au Au Au
0 1 2 3 4 4 5 6 7 8 9 9 9 10 10 11 14 15 15 11 11 11 10 18 10 12 12 12 13 14 15 12 13 13 17 16
15 11 11 11 10 18 10 12 12 12 13 14 15 12 13 13 17 16 0 1 2 3 4 4 5 6 7 8 9 9 9 10 10 11 14 15
-92.29835333
au-49_6-a
H H H H H H H H H C C C C N O O Au Au Au
0 1 2 3 4 5 5 6 7 8 8 9 9 9 10 10 11 13 11 11 11 13 10 10 16 12 12 12 18 13 14 15 12 13 15 17
11 11 11 13 10 10 16 12 12 12 18 13 14 15 12 13 15 17 0 1 2 3 4 5 5 6 7 8 8 9 9 9 10 10 11 13
-92.28464679000001
au-49_7-a
H H H H H H H H H C C C C N O O Au
0 1 2 3 4 5 6 7 8 9 9 9 10 11 11 13 13 10 10 10 11 11 12 12 12 13 14 15 13 12 15 16
13 10 10 10 11 11 12 12 12 13 14 15 13 12 15 16 0 1 2 3 4 5 6 7 8 9 9 9 10 11 11 13
-92.37832106000002
au-49_8-a
H H H H H H H H H C C C C N O O Au Au Au
0 1 1 2 3 4 5 6 7 7 8 9 9 9 10 11 12 14 10 10 16 10 11 11 11 12 12 17 12 13 14 15 13 13 15 18
10 10 16 10 11 11 11 12 12 17 12 13 14 15 13 13 15 18 0 1 1 2 3 4 5 6 7 7 8 9 9 9 10 11 12 14
-91.95582269000002
cd-13_1-a
H H H C N O O Cd Cd
0 0 1 2 3 3 3 5 4 7 4 6 4 5 6 8
4 7 4 6 4 5 6 8 0 0 1 2 3 3 3 5
-42.69662999
cd-25_1-a
H H H H H C C N O O Cd
0 1 2 3 4 5 5 5 6 9 9 7 6 6 6 7 8 9 7 10
9 7 6 6 6 7 8 9 7 10 0 1 2 3 4 5 5 5 6 9
-59.06785625
cd-25_2-a
H H H H H C C N O O Cd
0 1 2 3 4 5 5 5 6 8 7 7 6 6 6 7 8 9 9 10
7 7 6 6 6 7 8 9 9 10 0 1 2 3 4 5 5 5 6 8
-59.11151134
cd-37_1-a
H H H H H H H C C C N O O Cd Cd
0 1 2 3 3 4 5 6 7 7 7 7 8 8 11 12 10 8 8 14 9 9 9 10 11 12 13 9 10 13
12 10 8 8 14 9 9 9 10 11 12 13 9 10 13 0 1 2 3 3 4 5 6 7 7 7 7 8 8 11
-75.79604284999999
cd-37_2-a
H H H H H H H C C C N O O Cd
0 1 2 3 4 5 6 7 7 7 7 8 8 11 10 10 8 8 9 9 9 10 11 12 13 9 12 13
10 10 8 8 9 9 9 10 11 12 13 9 12 13 0 1 2 3 4 5 6 7 7 7 7 8 8 11
-75.86722093
cd-37_3-a
H H H H H H H C C C N O O Cd
0 1 2 3 4 5 6 7 7 7 7 8 9 11 12 8 8 8 9 9 9 10 11 12 13 10 10 13
12 8 8 8 9 9 9 10 11 12 13 10 10 13 0 1 2 3 4 5 6 7 7 7 7 8 9 11
-75.49614346999999
cd-37_4-a
H H H H H H H C C C N O O Cd Cd
0 1 2 3 4 5 6 7 7 7 8 9 10 11 9 9 9 10 8 8 8 10 11 12 10 12 14 13
9 9 9 10 8 8 8 10 11 12 10 12 14 13 0 1 2 3 4 5 6 7 7 7 8 9 10 11
-75.45261954
cd-49_1-a
H H H H H H H H H C C C C N O O Cd
0 1 2 3 4 5 6 7 8 9 9 9 9 10 10 10 14 15 13 11 11 11 10 12 12 12 13 14 15 16 11 12 13 16
15 13 11 11 11 10 12 12 12 13 14 15 16 11 12 13 16 0 1 2 3 4 5 6 7 8 9 9 9 9 10 10 10 14
-92.50891467
cd-49_2-a
H H H H H H H H H C C C C N O O Cd Cd
0 1 2 3 4 5 6 7 8 9 9 9 10 10 11 14 15 15 13 10 10 11 11 12 12 12 13 14 15 11 13 12 16 17
15 13 10 10 11 11 12 12 12 13 14 15 11 13 12 16 17 0 1 2 3 4 5 6 7 8 9 9 9 10 10 11 14 15
-92.46221677
cd-49_3-a
H H H H H H H H H C C C C N O O Cd
0 1 2 3 4 5 6 7 8 9 9 9 10 10 10 14 13 13 11 11 11 10 12 12 12 13 14 15 11 12 15 16
13 13 11 11 11 10 12 12 12 13 14 15 11 12 15 16 0 1 2 3 4 5 6 7 8 9 9 9 10 10 10 14
-92.62602280000002
cd-49_4-a
H H H H H H H H H C C C C N O O Cd
0 1 2 3 4 5 6 7 8 9 9 9 10 10 11 14 13 13 10 10 11 11 12 12 12 13 14 15 11 15 12 16
13 13 10 10 11 11 12 12 12 13 14 15 11 15 12 16 0 1 2 3 4 5 6 7 8 9 9 9 10 10 11 14
-92.51494736000001
cd-49_5-a
H H H H H H H H H C C C C N O O Cd
0 1 2 3 4 5 6 7 8 9 9 9 9 10 10 11 14 15 11 11 11 10 10 12 12 12 13 14 15 16 12 13 13 16
15 11 11 11 10 10 12 12 12 13 14 15 16 12 13 13 16 0 1 2 3 4 5 6 7 8 9 9 9 9 10 10 11 14
-92.19203245
cd-49_6-a
H H H H H H H H H C C C C N O O Cd
0 1 2 3 4 5 6 7 8 9 9 9 10 10 11 14 11 11 11 13 10 10 12 12 12 13 14 15 12 13 15 16
11 11 11 13 10 10 12 12 12 13 14 15 12 13 15 16 0 1 2 3 4 5 6 7 8 9 9 9 10 10 11 14
-92.15147131
cd-49_7-a
H H H H H H H H H C C C C N O O Cd
0 1 2 3 4 5 6 7 8 9 9 9 10 11 11 14 13 10 10 10 11 11 12 12 12 13 14 15 13 12 15 16
13 10 10 10 11 11 12 12 12 13 14 15 13 12 15 16 0 1 2 3 4 5 6 7 8 9 9 9 10 11 11 14
-92.22549668000002
cd-49_8-a
H H H H H H H H H C C C C N O O Cd Cd
0 1 2 3 4 5 6 7 7 8 9 9 9 10 11 12 14 10 10 10 11 11 11 12 12 16 12 13 14 15 13 13 15 17
10 10 10 11 11 11 12 12 16 12 13 14 15 13 13 15 17 0 1 2 3 4 5 6 7 7 8 9 9 9 10 11 12 14
-91.85602064
co-13_1-a
H H H C N O O Co Co Co Co Co Co Co
0 0 0 0 1 2 3 3 3 3 3 3 4 5 5 5 5 5 4 7 9 10 4 6 4 5 6 8 9 12 9 8 9 11 12 13
4 7 9 10 4 6 4 5 6 8 9 12 9 8 9 11 12 13 0 0 0 0 1 2 3 3 3 3 3 3 4 5 5 5 5 5
-42.93217535000002
co-25_1-a
H H H H H C C N O O Co Co Co Co Co Co Co
0 0 0 0 1 2 3 3 3 4 5 5 5 5 5 5 6 7 8 8 8 8 9 9 10 11 13 7 6 6 12 16 6 7 8 9 13 14 15 7 14 13 14 15 16 13
9 10 11 13 7 6 6 12 16 6 7 8 9 13 14 15 7 14 13 14 15 16 13 0 0 0 0 1 2 3 3 3 4 5 5 5 5 5 5 6 7 8 8 8 8 9
-59.36914275999999
co-25_2-a
H H H H H C C N O O Co Co Co Co Co Co Co
0 0 0 0 1 2 3 4 5 5 5 5 6 7 8 8 8 8 8 7 10 11 12 7 6 6 6 7 8 9 11 9 11 11 13 14 15 16
7 10 11 12 7 6 6 6 7 8 9 11 9 11 11 13 14 15 16 0 0 0 0 1 2 3 4 5 5 5 5 6 7 8 8 8 8 8
-59.43028817999999
co-37_1-a
H H H H H H H C C C N O O Co Co Co Co Co Co Co
0 0 0 0 1 2 3 3 4 5 6 6 7 7 7 7 7 7 8 8 10 11 11 11 11 12 12 15 16 18 10 8 8 17 9 9 9 14 10 11 12 16 18 19 9 10 16 13 16 18 19 18
12 15 16 18 10 8 8 17 9 9 9 14 10 11 12 16 18 19 9 10 16 13 16 18 19 18 0 0 0 0 1 2 3 3 4 5 6 6 7 7 7 7 7 7 8 8 10 11 11 11 11 12
-76.10890621000004
co-37_2-a
H H H H H H H C C C N O O Co Co Co Co Co Co
0 0 0 1 2 2 3 4 5 6 7 7 7 7 7 7 8 8 10 11 11 11 11 10 13 18 10 8 14 8 9 9 9 10 11 12 15 17 18 9 12 18 14 15 16 17
10 13 18 10 8 14 8 9 9 9 10 11 12 15 17 18 9 12 18 14 15 16 17 0 0 0 1 2 2 3 4 5 6 7 7 7 7 7 7 8 8 10 11 11 11 11
-76.1860868
co-37_3-a
H H H H H H H C C C N O O Co Co Co Co Co Co
0 0 0 0 0 1 2 3 4 5 6 7 7 7 7 7 8 9 11 11 11 11 12 12 13 14 16 17 8 8 8 9 9 9 10 11 12 14 15 10 10 14 15 17 18 14
12 13 14 16 17 8 8 8 9 9 9 10 11 12 14 15 10 10 14 15 17 18 14 0 0 0 0 0 1 2 3 4 5 6 7 7 7 7 7 8 9 11 11 11 11 12
-76.07311304000001
co-37_4-a
H H H H H H H C C C N O O Co Co Co Co Co Co Co Co
0 1 1 1 1 2 3 4 5 5 5 5 6 7 7 7 8 9 11 11 11 9 9 13 14 15 9 10 8 8 17 19 20 8 10 11 12 10 12 16 18 19
9 9 13 14 15 9 10 8 8 17 19 20 8 10 11 12 10 12 16 18 19 0 1 1 1 1 2 3 4 5 5 5 5 6 7 7 7 8 9 11 11 11
-75.66033766000004
co-49_1-a
H H H H H H H H H C C C C N O O Co Co Co Co Co Co Co
0 0 0 1 2 3 4 4 5 5 6 7 8 9 9 9 9 9 9 10 10 10 13 14 14 14 14 14 15 15 17 18 13 11 11 11 22 10 21 12 12 12 13 14 15 17 19 20 11 12 13 20 16 17 19 20 21 17
15 17 18 13 11 11 11 22 10 21 12 12 12 13 14 15 17 19 20 11 12 13 20 16 17 19 20 21 17 0 0 0 1 2 3 4 4 5 5 6 7 8 9 9 9 9 9 9 10 10 10 13 14 14 14 14 14 15
-92.87491036
co-49_2-a
H H H H H H H H H C C C C N O O Co Co Co Co Co Co Co Co
0 0 0 0 1 2 3 3 4 4 4 5 6 7 8 9 9 9 9 9 9 10 10 11 13 14 14 14 14 15 15 15 16 17 18 13 10 10 22 11 19 23 11 12 12 12 13 14 15 17 20 21 11 13 12 21 17 20 21 22 17 20
15 16 17 18 13 10 10 22 11 19 23 11 12 12 12 13 14 15 17 20 21 11 13 12 21 17 20 21 22 17 20 0 0 0 0 1 2 3 3 4 4 4 5 6 7 8 9 9 9 9 9 9 10 10 11 13 14 14 14 14 15 15
-92.78948198
co-49_3-a
H H H H H H H H H C C C C N O O Co Co Co Co Co Co
0 0 0 1 2 3 4 5 5 6 7 8 9 9 9 9 9 10 10 10 13 14 14 14 14 14 13 16 21 13 11 11 11 10 17 12 12 12 13 14 15 18 21 11 12 15 21 17 18 19 20 21
13 16 21 13 11 11 11 10 17 12 12 12 13 14 15 18 21 11 12 15 21 17 18 19 20 21 0 0 0 1 2 3 4 5 5 6 7 8 9 9 9 9 9 10 10 10 13 14 14 14 14 14
-93.00405742000004
co-49_4-a
H H H H H H H H H C C C C N O O Co Co Co Co Co Co Co Co Co Co
0 0 0 1 1 1 2 2 3 4 5 5 6 7 8 8 9 9 9 9 9 9 10 10 11 13 13 13 13 13 14 15 13 16 25 13 20 25 10 21 10 11 11 19 12 12 12 18 13 14 15 22 24 25 11 15 12 17 22 23 24 25 24 22
13 16 25 13 20 25 10 21 10 11 11 19 12 12 12 18 13 14 15 22 24 25 11 15 12 17 22 23 24 25 24 22 0 0 0 1 1 1 2 2 3 4 5 5 6 7 8 8 9 9 9 9 9 9 10 10 11 13 13 13 13 13 14 15
-92.81877822000001
co-49_5-a
H H H H H H H H H C C C C N O O Co Co Co Co Co Co
0 0 0 0 0 1 2 3 4 5 5 5 5 6 7 8 9 9 9 9 9 10 10 11 14 14 14 14 15 15 16 17 19 20 11 11 11 10 10 16 18 21 12 12 12 13 14 15 17 18 12 13 13 17 18 20 21 17
15 16 17 19 20 11 11 11 10 10 16 18 21 12 12 12 13 14 15 17 18 12 13 13 17 18 20 21 17 0 0 0 0 0 1 2 3 4 5 5 5 5 6 7 8 9 9 9 9 9 10 10 11 14 14 14 14 15
-92.71524216
co-49_6-a
H H H H H H H H H C C C C N O O Co Co Co Co Co Co Co Co
0 1 1 2 3 3 4 5 5 5 6 7 8 8 8 8 9 9 9 9 9 9 10 10 11 13 14 15 11 11 16 11 13 20 10 10 22 23 12 12 12 18 21 23 13 14 15 17 19 20 12 13 15 20 19 17
11 11 16 11 13 20 10 10 22 23 12 12 12 18 21 23 13 14 15 17 19 20 12 13 15 20 19 17 0 1 1 2 3 3 4 5 5 5 6 7 8 8 8 8 9 9 9 9 9 9 10 10 11 13 14 15
-92.36427241000001
co-49_7-a
H H H H H H H H H C C C C N O O Co Co Co Co Co Co
0 1 2 2 3 3 3 3 4 4 4 4 5 6 7 8 9 9 9 9 10 11 11 14 14 14 13 10 10 21 10 16 19 21 11 16 17 19 11 12 12 12 13 14 15 18 13 12 15 17 19 20
13 10 10 21 10 16 19 21 11 16 17 19 11 12 12 12 13 14 15 18 13 12 15 17 19 20 0 1 2 2 3 3 3 3 4 4 4 4 5 6 7 8 9 9 9 9 10 11 11 14 14 14
-92.47964655999999
co-49_8-a
H H H H H H H H H C C C C N O O Co Co Co Co Co Co Co
0 0 1 1 1 2 3 4 5 6 7 7 7 7 8 9 9 9 9 9 9 10 11 12 13 14 14 14 10 19 10 18 19 10 11 11 11 12 12 16 17 21 12 13 14 15 20 21 22 13 13 15 20 17 21 22
10 19 10 18 19 10 11 11 11 12 12 16 17 21 12 13 14 15 20 21 22 13 13 15 20 17 21 22 0 0 1 1 1 2 3 4 5 6 7 7 7 7 8 9 9 9 9 9 9 10 11 12 13 14 14 14
-92.09134988
cu-13_1-a
H H H C N O O Cu Cu Cu
0 0 0 1 2 3 3 3 5 4 7 8 4 6 4 5 6 9
4 7 8 4 6 4 5 6 9 0 0 0 1 2 3 3 3 5
-42.88801662
cu-25_1-a
H H H H H C C N O O Cu Cu Cu
0 0 1 2 3 4 5 5 5 5 5 6 8 9 9 12 7 6 6 6 7 8 9 11 12 7 10 12
9 12 7 6 6 6 7 8 9 11 12 7 10 12 0 0 1 2 3 4 5 5 5 5 5 6 8 9
-59.220774000000006
cu-25_2-a
H H H H H C C N O O Cu Cu
0 0 1 2 3 4 5 5 5 5 6 8 7 10 7 6 6 6 7 8 9 11 9 11
7 10 7 6 6 6 7 8 9 11 9 11 0 0 1 2 3 4 5 5 5 5 6 8
-59.31891114999999
cu-37_1-a
H H H H H H H C C C N O O Cu Cu Cu Cu Cu
0 0 0 1 2 3 3 4 5 6 7 7 7 7 7 8 8 11 12 12 13 15 10 8 8 17 9 9 9 10 11 12 14 16 9 10 16 15
12 13 15 10 8 8 17 9 9 9 10 11 12 14 16 9 10 16 15 0 0 0 1 2 3 3 4 5 6 7 7 7 7 7 8 8 11 12
-76.01297492
cu-37_2-a
H H H H H H H C C C N O O Cu Cu Cu
0 0 1 2 2 3 4 5 6 7 7 7 7 8 8 11 10 13 10 8 15 8 9 9 9 10 11 12 14 9 12 14
10 13 10 8 15 8 9 9 9 10 11 12 14 9 12 14 0 0 1 2 2 3 4 5 6 7 7 7 7 8 8 11
-76.10708505
cu-37_3-a
H H H H H H H C C C N O O Cu Cu Cu
0 1 2 3 4 5 6 7 7 7 7 7 8 9 11 12 12 8 8 8 9 9 9 10 11 12 14 15 10 10 14 13
12 8 8 8 9 9 9 10 11 12 14 15 10 10 14 13 0 1 2 3 4 5 6 7 7 7 7 7 8 9 11 12
-75.70946894
cu-37_4-a
H H H H H H H C C C N O O Cu Cu Cu
0 1 2 3 3 4 5 5 6 7 7 7 7 8 9 10 12 9 9 9 10 14 8 8 13 8 10 11 12 14 10 12 14 15
9 9 9 10 14 8 8 13 8 10 11 12 14 10 12 14 15 0 1 2 3 3 4 5 5 6 7 7 7 7 8 9 10 12
-75.61494157999999
cu-49_1-a
H H H H H H H H H C C C C N O O Cu Cu Cu
0 0 1 2 3 4 5 5 6 7 8 9 9 9 9 10 10 10 14 15 15 18 13 11 11 11 10 17 12 12 12 13 14 15 16 11 12 13 16 18
15 18 13 11 11 11 10 17 12 12 12 13 14 15 16 11 12 13 16 18 0 0 1 2 3 4 5 5 6 7 8 9 9 9 9 10 10 10 14 15
-92.74625430999998
cu-49_2-a
H H H H H H H H H C C C C N O O Cu Cu Cu Cu
0 0 1 2 3 3 4 5 6 7 8 9 9 9 9 9 10 10 11 14 15 15 19 13 10 10 17 11 11 12 12 12 13 14 15 16 18 11 13 12 16 19
15 19 13 10 10 17 11 11 12 12 12 13 14 15 16 18 11 13 12 16 19 0 0 1 2 3 3 4 5 6 7 8 9 9 9 9 9 10 10 11 14 15
-92.69499896000002
cu-49_3-a
H H H H H H H H H C C C C N O O Cu Cu Cu
0 0 1 2 3 4 5 5 6 7 8 9 9 9 9 10 10 10 14 13 16 13 11 11 11 10 18 12 12 12 13 14 15 17 11 12 15 17
13 16 13 11 11 11 10 18 12 12 12 13 14 15 17 11 12 15 17 0 0 1 2 3 4 5 5 6 7 8 9 9 9 9 10 10 10 14
-92.8948532
cu-49_4-a
H H H H H H H H H C C C C N O O Cu Cu
0 0 1 1 2 3 4 5 5 6 7 8 9 9 9 9 10 10 11 13 13 17 13 17 10 10 11 11 16 12 12 12 13 14 15 17 11 15 12 17
13 17 13 17 10 10 11 11 16 12 12 12 13 14 15 17 11 15 12 17 0 0 1 1 2 3 4 5 5 6 7 8 9 9 9 9 10 10 11 13
-92.70880009000001
cu-49_5-a
H H H H H H H H H C C C C N O O Cu Cu Cu Cu
0 1 2 3 4 4 5 6 7 8 9 9 9 9 9 10 10 11 14 15 15 11 11 11 10 18 10 12 12 12 13 14 15 17 19 12 13 13 17 16
15 11 11 11 10 18 10 12 12 12 13 14 15 17 19 12 13 13 17 16 0 1 2 3 4 4 5 6 7 8 9 9 9 9 9 10 10 11 14 15
-92.41356213
cu-49_6-a
H H H H H H H H H C C C C N O O Cu Cu Cu Cu
0 1 2 3 4 5 5 6 7 8 8 9 9 9 10 10 11 13 15 11 11 11 13 10 10 17 12 12 12 16 13 14 15 12 13 15 18 19
11 11 11 13 10 10 17 12 12 12 16 13 14 15 12 13 15 18 19 0 1 2 3 4 5 5 6 7 8 8 9 9 9 10 10 11 13 15
-92.31464681
cu-49_7-a
H H H H H H H H H C C C C N O O Cu Cu Cu Cu Cu
0 0 1 2 3 3 4 4 5 6 6 7 8 9 9 9 9 10 11 11 13 15 13 19 10 10 10 20 11 18 11 12 16 12 12 13 14 15 19 13 12 15 19 17
13 19 10 10 10 20 11 18 11 12 16 12 12 13 14 15 19 13 12 15 19 17 0 0 1 2 3 3 4 4 5 6 6 7 8 9 9 9 9 10 11 11 13 15
-92.41556672000002
cu-49_8-a
H H H H H H H H H C C C C N O O Cu Cu Cu
0 1 1 2 3 4 5 6 6 7 8 9 9 9 9 10 11 12 14 10 10 16 10 11 11 11 12 17 12 12 13 14 15 18 13 13 15 18
10 10 16 10 11 11 11 12 17 12 12 13 14 15 18 13 13 15 18 0 1 1 2 3 4 5 6 6 7 8 9 9 9 9 10 11 12 14
-92.03063681999998
fe-13_1-a
H H H C N O O Fe Fe Fe Fe Fe Fe Fe
0 0 0 1 1 2 2 2 2 3 3 3 3 3 3 3 4 4 5 5 5 5 6 6 4 7 10 4 7 6 9 11 13 4 5 6 7 10 11 13 7 10 8 10 12 13 11 13
4 7 10 4 7 6 9 11 13 4 5 6 7 10 11 13 7 10 8 10 12 13 11 13 0 0 0 1 1 2 2 2 2 3 3 3 3 3 3 3 4 4 5 5 5 5 6 6
-43.26832526999999
fe-25_1-a
H H H H H C C N O O Fe Fe Fe Fe Fe Fe
0 0 0 0 1 2 3 4 5 5 5 5 6 8 8 8 8 8 9 9 9 10 12 14 7 6 6 6 7 8 9 15 7 11 12 13 14 15 12 14
9 10 12 14 7 6 6 6 7 8 9 15 7 11 12 13 14 15 12 14 0 0 0 0 1 2 3 4 5 5 5 5 6 8 8 8 8 8 9 9
-59.83834754999998
fe-25_2-a
H H H H H C C N O O Fe Fe Fe Fe Fe Fe
0 0 0 0 1 2 3 3 4 5 5 5 5 5 6 7 8 8 8 8 8 7 10 11 12 7 6 6 15 6 7 8 9 12 15 9 12 10 12 13 14 15
7 10 11 12 7 6 6 15 6 7 8 9 12 15 9 12 10 12 13 14 15 0 0 0 0 1 2 3 3 4 5 5 5 5 5 6 7 8 8 8 8 8
-59.51737403999999
fe-37_1-a
H H H H H H H C C C N O O Fe Fe Fe Fe Fe Fe
0 0 0 0 1 2 3 4 5 6 7 7 7 7 8 8 11 11 11 11 12 12 13 15 17 10 8 8 9 9 9 10 11 12 18 9 10 14 16 17 18 15
12 13 15 17 10 8 8 9 9 9 10 11 12 18 9 10 14 16 17 18 15 0 0 0 0 1 2 3 4 5 6 7 7 7 7 8 8 11 11 11 11 12
-76.57491463999997
fe-37_2-a
H H H H H H H C C C N O O Fe Fe Fe Fe Fe Fe
0 0 0 0 1 2 2 3 4 5 6 7 7 7 7 7 8 8 10 11 11 11 11 11 10 13 14 15 10 8 18 8 9 9 9 10 11 12 15 18 9 12 15 13 15 16 17 18
10 13 14 15 10 8 18 8 9 9 9 10 11 12 15 18 9 12 15 13 15 16 17 18 0 0 0 0 1 2 2 3 4 5 6 7 7 7 7 7 8 8 10 11 11 11 11 11
-76.26096970999998
fe-37_3-a
H H H H H H H C C C N O O Fe Fe Fe Fe Fe Fe
0 0 0 0 1 2 3 4 5 6 7 7 7 7 7 8 9 11 11 11 11 11 12 12 12 13 15 17 8 8 8 9 9 9 10 11 12 15 18 10 10 14 15 16 17 18 15 17
12 13 15 17 8 8 8 9 9 9 10 11 12 15 18 10 10 14 15 16 17 18 15 17 0 0 0 0 1 2 3 4 5 6 7 7 7 7 7 8 9 11 11 11 11 11 12 12
-76.24806629999995
fe-37_4-a
H H H H H H H C C C N O O Fe Fe Fe Fe Fe Fe Fe Fe
0 1 1 1 1 2 3 3 3 4 4 5 6 7 7 7 7 7 7 7 8 9 9 10 10 10 11 11 11 11 12 9 9 13 16 17 9 10 18 20 8 19 8 8 10 11 12 16 18 19 20 10 12 16 18 19 20 14 15 16 19 16
9 9 13 16 17 9 10 18 20 8 19 8 8 10 11 12 16 18 19 20 10 12 16 18 19 20 14 15 16 19 16 0 1 1 1 1 2 3 3 3 4 4 5 6 7 7 7 7 7 7 7 8 9 9 10 10 10 11 11 11 11 12
-75.94864614
fe-49_1-a
H H H H H H H H H C C C C N O O Fe Fe Fe Fe Fe Fe
0 0 0 0 1 2 3 4 5 5 6 7 8 9 9 9 9 10 10 10 14 14 14 14 15 15 16 18 20 13 11 11 11 10 17 12 12 12 13 14 15 21 11 12 13 17 19 20 21 18
15 16 18 20 13 11 11 11 10 17 12 12 12 13 14 15 21 11 12 13 17 19 20 21 18 0 0 0 0 1 2 3 4 5 5 6 7 8 9 9 9 9 10 10 10 14 14 14 14 15
-93.31999980999996
fe-49_2-a
H H H H H H H H H C C C C N O O Fe Fe Fe Fe Fe Fe Fe
0 0 0 0 0 1 2 3 4 5 6 7 8 9 9 9 9 9 10 10 11 14 14 14 14 14 15 15 15 16 17 19 20 13 10 10 11 11 12 12 12 13 14 15 20 22 11 13 12 18 19 20 21 22 19 20
15 16 17 19 20 13 10 10 11 11 12 12 12 13 14 15 20 22 11 13 12 18 19 20 21 22 19 20 0 0 0 0 0 1 2 3 4 5 6 7 8 9 9 9 9 9 10 10 11 14 14 14 14 14 15 15
-93.22245836999997
fe-49_3-a
H H H H H H H H H C C C C N O O Fe Fe Fe Fe Fe Fe
0 0 0 0 1 2 3 4 5 5 6 7 8 9 9 9 9 9 10 10 10 13 14 14 14 14 14 13 16 17 18 13 11 11 11 10 21 12 12 12 13 14 15 18 21 11 12 15 18 16 18 19 20 21
13 16 17 18 13 11 11 11 10 21 12 12 12 13 14 15 18 21 11 12 15 18 16 18 19 20 21 0 0 0 0 1 2 3 4 5 5 6 7 8 9 9 9 9 9 10 10 10 13 14 14 14 14 14
-93.08053646999997
fe-49_4-a
H H H H H H H H H C C C C N O O Fe Fe Fe Fe Fe Fe Fe
0 0 0 0 1 2 3 4 5 6 7 8 9 9 9 10 10 11 14 14 14 14 14 13 16 17 18 13 10 10 11 11 12 12 12 13 14 15 11 15 12 18 19 20 21 22
13 16 17 18 13 10 10 11 11 12 12 12 13 14 15 11 15 12 18 19 20 21 22 0 0 0 0 1 2 3 4 5 6 7 8 9 9 9 10 10 11 14 14 14 14 14
-92.93003370999998
fe-49_5-a
H H H H H H H H H C C C C N O O Fe Fe Fe Fe Fe Fe Fe Fe
0 0 0 0 1 2 3 4 5 5 6 7 8 8 8 9 9 9 9 9 9 10 10 11 13 14 14 14 15 15 16 19 21 11 11 11 10 10 18 12 12 12 17 20 13 14 15 19 22 23 12 13 13 23 19 22 23 19
15 16 19 21 11 11 11 10 10 18 12 12 12 17 20 13 14 15 19 22 23 12 13 13 23 19 22 23 19 0 0 0 0 1 2 3 4 5 5 6 7 8 8 8 9 9 9 9 9 9 10 10 11 13 14 14 14 15
-92.54537818
fe-49_6-a
H H H H H H H H H C C C C N O O Fe Fe Fe Fe Fe Fe Fe
0 1 1 1 2 3 4 5 5 5 5 6 7 8 8 9 9 9 9 10 10 11 13 15 11 11 19 20 11 13 10 10 16 18 21 12 12 12 17 13 14 15 22 12 13 15 18 22
11 11 19 20 11 13 10 10 16 18 21 12 12 12 17 13 14 15 22 12 13 15 18 22 0 1 1 1 2 3 4 5 5 5 5 6 7 8 8 9 9 9 9 10 10 11 13 15
-92.22453992999999
fe-49_7-a
H H H H H H H H H C C C C N O O Fe Fe Fe Fe Fe
0 1 2 2 3 3 4 4 5 6 7 8 9 9 9 9 10 11 11 14 14 13 10 10 18 10 16 11 17 11 12 12 12 13 14 15 20 13 12 15 19 20
13 10 10 18 10 16 11 17 11 12 12 12 13 14 15 20 13 12 15 19 20 0 1 2 2 3 3 4 4 5 6 7 8 9 9 9 9 10 11 11 14 14
-92.53557298999999
fe-49_8-a
H H H H H H H H H C C C C N O O Fe Fe Fe Fe Fe Fe Fe Fe
0 0 1 2 3 3 3 3 4 5 5 6 6 6 7 7 8 9 9 9 9 9 9 10 10 11 11 12 13 13 14 14 14 14 14 10 18 10 10 11 16 20 23 11 11 20 12 21 22 12 21 12 13 14 15 19 20 23 13 20 13 20 15 18 20 17 18 19 20 21
10 18 10 10 11 16 20 23 11 11 20 12 21 22 12 21 12 13 14 15 19 20 23 13 20 13 20 15 18 20 17 18 19 20 21 0 0 1 2 3 3 3 3 4 5 5 6 6 6 7 7 8 9 9 9 9 9 9 10 10 11 11 12 13 13 14 14 14 14 14
-92.15905062999997
ir-13_1-a
H H H C N O O Ir Ir Ir
0 0 0 1 2 3 3 3 5 4 7 8 4 6 4 5 6 9
4 7 8 4 6 4 5 6 9 0 0 0 1 2 3 3 3 5
-43.03846854999995
ir-25_1-a
H H H H H C C N O O Ir Ir Ir Ir
0 0 0 1 1 2 3 3 4 5 5 5 5 6 6 7 9 9 10 13 7 12 6 6 11 6 7 8 9 12 7 12 12 13
9 10 13 7 12 6 6 11 6 7 8 9 12 7 12 12 13 0 0 0 1 1 2 3 3 4 5 5 5 5 6 6 7 9
-59.60896135999997
ir-25_2-a
H H H H H C C N O O Ir Ir
0 0 1 2 3 4 5 5 5 5 6 8 7 10 7 6 6 6 7 8 9 11 9 11
7 10 7 6 6 6 7 8 9 11 9 11 0 0 1 2 3 4 5 5 5 5 6 8
-59.4589876
ir-37_1-a
H H H H H H H C C C N O O Ir Ir Ir
0 0 1 2 3 3 4 5 6 7 7 7 7 8 8 11 12 13 10 8 8 15 9 9 9 10 11 12 14 9 10 14
12 13 10 8 8 15 9 9 9 10 11 12 14 9 10 14 0 0 1 2 3 3 4 5 6 7 7 7 7 8 8 11
-76.44813009999996
ir-37_2-a
H H H H H H H C C C N O O Ir Ir Ir
0 0 1 2 2 3 4 5 6 7 7 7 7 8 8 10 11 10 13 10 8 15 8 9 9 9 10 11 12 14 9 12 13 14
10 13 10 8 15 8 9 9 9 10 11 12 14 9 12 13 14 0 0 1 2 2 3 4 5 6 7 7 7 7 8 8 10 11
-76.24674723999999
ir-37_3-a
H H H H H H H C C C N O O Ir Ir Ir
0 0 1 2 3 4 5 6 7 7 7 7 7 8 9 11 12 12 13 8 8 8 9 9 9 10 11 12 14 15 10 10 14 13
12 13 8 8 8 9 9 9 10 11 12 14 15 10 10 14 13 0 0 1 2 3 4 5 6 7 7 7 7 7 8 9 11 12
-75.83042890999997
ir-37_4-a
H H H H H H H C C C N O O Ir Ir Ir
0 1 2 3 3 4 5 5 6 7 7 7 7 8 8 9 10 12 9 9 9 10 14 8 8 13 8 10 11 12 14 10 14 12 14 15
9 9 9 10 14 8 8 13 8 10 11 12 14 10 14 12 14 15 0 1 2 3 3 4 5 5 6 7 7 7 7 8 8 9 10 12
-75.87934191
ir-49_1-a
H H H H H H H H H C C C C N O O Ir Ir Ir
0 0 0 1 2 3 4 5 6 7 8 9 9 9 10 10 10 14 15 16 18 13 11 11 11 10 12 12 12 13 14 15 11 12 13 17
15 16 18 13 11 11 11 10 12 12 12 13 14 15 11 12 13 17 0 0 0 1 2 3 4 5 6 7 8 9 9 9 10 10 10 14
-93.21090019999997
ir-49_2-a
H H H H H H H H H C C C C N O O Ir Ir
0 0 1 1 2 3 4 5 6 7 8 9 9 9 9 10 10 11 13 15 15 17 13 16 10 10 11 11 12 12 12 13 14 15 17 11 13 12 16 17
15 17 13 16 10 10 11 11 12 12 12 13 14 15 17 11 13 12 16 17 0 0 1 1 2 3 4 5 6 7 8 9 9 9 9 10 10 11 13 15
-92.74041340999997
ir-49_3-a
H H H H H H H H H C C C C N O O Ir Ir Ir
0 0 1 2 3 4 5 5 6 7 8 9 9 9 9 10 10 10 14 13 16 13 11 11 11 10 18 12 12 12 13 14 15 17 11 12 15 17
13 16 13 11 11 11 10 18 12 12 12 13 14 15 17 11 12 15 17 0 0 1 2 3 4 5 5 6 7 8 9 9 9 9 10 10 10 14
-93.05253352
ir-49_4-a
H H H H H H H H H C C C C N O O Ir
0 0 1 1 2 3 4 5 6 7 8 9 9 9 9 10 10 11 13 13 16 13 16 10 10 11 11 12 12 12 13 14 15 16 11 15 12 16
13 16 13 16 10 10 11 11 12 12 12 13 14 15 16 11 15 12 16 0 0 1 1 2 3 4 5 6 7 8 9 9 9 9 10 10 11 13
-93.00197321999997
ir-49_5-a
H H H H H H H H H C C C C N O O Ir Ir Ir Ir
0 0 1 2 3 4 4 5 6 7 8 9 9 9 9 9 10 10 11 14 15 15 16 11 11 11 10 18 10 12 12 12 13 14 15 17 19 12 13 13 17 16
15 16 11 11 11 10 18 10 12 12 12 13 14 15 17 19 12 13 13 17 16 0 0 1 2 3 4 4 5 6 7 8 9 9 9 9 9 10 10 11 14 15
-92.53810217
ir-49_6-a
H H H H H H H H H C C C C N O O Ir Ir Ir Ir
0 1 2 3 3 4 5 5 6 7 8 8 9 9 9 9 10 10 11 13 15 11 11 11 13 18 10 10 17 12 12 12 16 13 14 15 18 12 13 15 18 19
11 11 11 13 18 10 10 17 12 12 12 16 13 14 15 18 12 13 15 18 19 0 1 2 3 3 4 5 5 6 7 8 8 9 9 9 9 10 10 11 13 15
-92.48672441999997
ir-49_7-a
H H H H H H H H H C C C C N O O Ir Ir Ir Ir
0 0 1 2 3 3 4 5 6 6 7 8 9 9 9 9 10 10 11 11 13 15 13 17 10 10 10 16 11 11 12 18 12 12 13 14 15 17 13 17 12 15 17 19
13 17 10 10 10 16 11 11 12 18 12 12 13 14 15 17 13 17 12 15 17 19 0 0 1 2 3 3 4 5 6 6 7 8 9 9 9 9 10 10 11 11 13 15
-92.69845925999999
ir-49_8-a
H H H H H H H H H C C C C N O O Ir Ir Ir
0 1 1 2 3 4 5 6 6 7 8 9 9 9 9 10 11 12 14 10 10 16 10 11 11 11 12 17 12 12 13 14 15 18 13 13 15 18
10 10 16 10 11 11 11 12 17 12 12 13 14 15 18 13 13 15 18 0 1 1 2 3 4 5 6 6 7 8 9 9 9 9 10 11 12 14
-92.12147658999999
ni-13_1-a
H H H C N O O Ni Ni Ni
0 0 0 1 2 3 3 3 5 4 7 8 4 6 4 5 6 9
4 7 8 4 6 4 5 6 9 0 0 0 1 2 3 3 3 5
-43.043001809999964
ni-25_1-a
H H H H H C C N O O Ni
0 0 1 2 3 4 5 5 5 5 6 9 9 10 7 6 6 6 7 8 9 10 7 10
9 10 7 6 6 6 7 8 9 10 7 10 0 0 1 2 3 4 5 5 5 5 6 9
-59.29435071
ni-25_2-a
H H H H H C C N O O Ni Ni
0 0 1 2 3 4 5 5 5 5 6 8 7 10 7 6 6 6 7 8 9 11 9 11
7 10 7 6 6 6 7 8 9 11 9 11 0 0 1 2 3 4 5 5 5 5 6 8
-59.455279399999995
ni-37_1-a
H H H H H H H C C C N O O Ni Ni Ni
0 0 1 2 3 4 5 6 7 7 7 7 8 8 11 11 12 13 10 8 8 9 9 9 10 11 12 14 9 10 14 15
12 13 10 8 8 9 9 9 10 11 12 14 9 10 14 15 0 0 1 2 3 4 5 6 7 7 7 7 8 8 11 11
-76.44693539999997
ni-37_2-a
H H H H H H H C C C N O O Ni Ni
0 0 1 2 3 4 5 6 7 7 7 7 8 8 11 10 13 10 8 8 9 9 9 10 11 12 14 9 12 14
10 13 10 8 8 9 9 9 10 11 12 14 9 12 14 0 0 1 2 3 4 5 6 7 7 7 7 8 8 11
-76.24997193999997
ni-37_3-a
H H H H H H H C C C N O O Ni Ni Ni Ni
0 0 0 1 2 3 4 5 6 7 7 7 7 7 8 9 11 12 12 13 15 8 8 8 9 9 9 10 11 12 14 16 10 10 14 13
12 13 15 8 8 8 9 9 9 10 11 12 14 16 10 10 14 13 0 0 0 1 2 3 4 5 6 7 7 7 7 7 8 9 11 12
-75.85651359000002
ni-37_4-a
H H H H H H H C C C N O O Ni Ni Ni
0 1 2 3 3 4 5 5 6 7 7 7 7 8 8 9 10 12 9 9 9 10 14 8 8 13 8 10 11 12 14 10 14 12 14 15
9 9 9 10 14 8 8 13 8 10 11 12 14 10 14 12 14 15 0 1 2 3 3 4 5 5 6 7 7 7 7 8 8 9 10 12
-75.7672963
ni-49_1-a
H H H H H H H H H C C C C N O O Ni Ni
0 0 1 2 3 4 5 6 7 8 9 9 9 9 10 10 10 14 15 16 13 11 11 11 10 12 12 12 13 14 15 17 11 12 13 17
15 16 13 11 11 11 10 12 12 12 13 14 15 17 11 12 13 17 0 0 1 2 3 4 5 6 7 8 9 9 9 9 10 10 10 14
-93.22105916999999
ni-49_2-a
H H H H H H H H H C C C C N O O Ni Ni
0 0 1 2 3 4 5 6 7 8 9 9 9 9 10 10 11 13 15 15 17 13 10 10 11 11 12 12 12 13 14 15 17 11 13 12 16 17
15 17 13 10 10 11 11 12 12 12 13 14 15 17 11 13 12 16 17 0 0 1 2 3 4 5 6 7 8 9 9 9 9 10 10 11 13 15
-92.79083054
ni-49_3-a
H H H H H H H H H C C C C N O O Ni Ni
0 0 1 2 3 4 5 6 7 8 9 9 9 9 10 10 10 14 13 16 13 11 11 11 10 12 12 12 13 14 15 17 11 12 15 17
13 16 13 11 11 11 10 12 12 12 13 14 15 17 11 12 15 17 0 0 1 2 3 4 5 6 7 8 9 9 9 9 10 10 10 14
-93.04009105
ni-49_4-a
H H H H H H H H H C C C C N O O Ni
0 0 1 1 2 3 4 5 6 7 8 9 9 9 9 10 10 11 13 13 16 13 16 10 10 11 11 12 12 12 13 14 15 16 11 15 12 16
13 16 13 16 10 10 11 11 12 12 12 13 14 15 16 11 15 12 16 0 0 1 1 2 3 4 5 6 7 8 9 9 9 9 10 10 11 13
-92.92420695999999
ni-49_5-a
H H H H H H H H H C C C C N O O Ni Ni Ni Ni
0 0 1 2 3 4 4 5 6 7 8 9 9 9 9 9 10 10 11 14 15 15 16 11 11 11 10 18 10 12 12 12 13 14 15 17 19 12 13 13 17 16
15 16 11 11 11 10 18 10 12 12 12 13 14 15 17 19 12 13 13 17 16 0 0 1 2 3 4 4 5 6 7 8 9 9 9 9 9 10 10 11 14 15
-92.56296922000001
ni-49_6-a
H H H H H H H H H C C C C N O O Ni Ni Ni
0 1 2 3 3 4 5 5 6 7 8 8 9 9 9 9 10 10 11 13 11 11 11 13 17 10 10 16 12 12 12 18 13 14 15 17 12 13 15 17
11 11 11 13 17 10 10 16 12 12 12 18 13 14 15 17 12 13 15 17 0 1 2 3 3 4 5 5 6 7 8 8 9 9 9 9 10 10 11 13
-92.43450618999998
ni-49_7-a
H H H H H H H H H C C C C N O O Ni Ni Ni Ni Ni
0 0 1 2 3 3 4 4 5 6 6 7 8 9 9 9 9 10 10 11 11 13 15 13 19 10 10 10 20 11 18 11 12 16 12 12 13 14 15 19 13 19 12 15 19 17
13 19 10 10 10 20 11 18 11 12 16 12 12 13 14 15 19 13 19 12 15 19 17 0 0 1 2 3 3 4 4 5 6 6 7 8 9 9 9 9 10 10 11 11 13 15
-92.59596674
ni-49_8-a
H H H H H H H H H C C C C N O O Ni Ni Ni
0 1 1 2 3 4 5 6 6 7 8 9 9 9 9 10 11 12 14 10 10 16 10 11 11 11 12 17 12 12 13 14 15 18 13 13 15 18
10 10 16 10 11 11 11 12 17 12 12 13 14 15 18 13 13 15 18 0 1 1 2 3 4 5 6 6 7 8 9 9 9 9 10 11 12 14
-92.16534726999998
os-13_1-a
H H H C N O O Os Os Os
0 0 0 1 2 3 3 3 5 4 7 8 4 6 4 5 6 9
4 7 8 4 6 4 5 6 9 0 0 0 1 2 3 3 3 5
-43.21920460000001
os-25_1-a
H H H H H C C N O O Os Os Os Os Os
0 0 0 1 1 2 2 3 3 4 5 5 5 5 5 6 7 9 9 10 11 7 13 6 12 6 14 6 7 8 9 10 13 7 13 10
9 10 11 7 13 6 12 6 14 6 7 8 9 10 13 7 13 10 0 0 0 1 1 2 2 3 3 4 5 5 5 5 5 6 7 9
-59.72974269000008
os-25_2-a
H H H H H C C N O O Os Os Os
0 0 0 1 2 3 4 5 5 5 6 8 7 10 12 7 6 6 6 7 8 9 9 11
7 10 12 7 6 6 6 7 8 9 9 11 0 0 0 1 2 3 4 5 5 5 6 8
-59.690271900000084
os-37_1-a
H H H H H H H C C C N O O Os Os Os Os Os
0 0 0 1 2 3 3 4 5 6 7 7 7 7 7 7 8 8 11 12 12 13 15 10 8 8 17 9 9 9 10 11 12 14 15 16 9 10 16 15
12 13 15 10 8 8 17 9 9 9 10 11 12 14 15 16 9 10 16 15 0 0 0 1 2 3 3 4 5 6 7 7 7 7 7 7 8 8 11 12
-76.32243939
os-37_2-a
H H H H H H H C C C N O O Os Os Os Os
0 0 0 1 2 2 3 4 5 6 7 7 7 7 8 8 10 11 10 13 14 10 8 16 8 9 9 9 10 11 12 15 9 12 14 15
10 13 14 10 8 16 8 9 9 9 10 11 12 15 9 12 14 15 0 0 0 1 2 2 3 4 5 6 7 7 7 7 8 8 10 11
-76.40474319000009
os-37_3-a
H H H H H H H C C C N O O Os Os Os Os
0 0 0 1 2 3 4 5 6 7 7 7 7 7 7 8 9 11 12 12 13 15 8 8 8 9 9 9 10 11 12 13 14 16 10 10 14 13
12 13 15 8 8 8 9 9 9 10 11 12 13 14 16 10 10 14 13 0 0 0 1 2 3 4 5 6 7 7 7 7 7 7 8 9 11 12
-76.0359024500001
os-37_4-a
H H H H H H H C C C N O O Os Os Os Os
0 1 2 3 3 4 5 5 6 7 7 7 7 7 7 8 9 10 12 9 9 9 10 15 8 8 13 8 10 11 12 14 15 16 10 12 15 16
9 9 9 10 15 8 8 13 8 10 11 12 14 15 16 10 12 15 16 0 1 2 3 3 4 5 5 6 7 7 7 7 7 7 8 9 10 12
-75.9958648700001
os-49_1-a
H H H H H H H H H C C C C N O O Os Os Os Os
0 0 1 2 3 4 5 6 7 8 9 9 9 9 10 10 10 14 14 14 15 16 13 11 11 11 10 12 12 12 13 14 15 17 11 12 13 17 18 19
15 16 13 11 11 11 10 12 12 12 13 14 15 17 11 12 13 17 18 19 0 0 1 2 3 4 5 6 7 8 9 9 9 9 10 10 10 14 14 14
-93.36651242000005
os-49_2-a
H H H H H H H H H C C C C N O O Os Os Os Os Os Os
0 0 0 1 1 2 3 3 3 4 4 5 6 7 8 9 9 9 9 9 10 10 11 13 15 15 16 17 13 20 10 10 19 21 11 18 11 12 12 12 13 14 15 16 20 11 13 12 20 16
15 16 17 13 20 10 10 19 21 11 18 11 12 12 12 13 14 15 16 20 11 13 12 20 16 0 0 0 1 1 2 3 3 3 4 4 5 6 7 8 9 9 9 9 9 10 10 11 13 15
-93.00225374000001
os-49_3-a
H H H H H H H H H C C C C N O O Os Os Os Os
0 0 0 1 2 3 4 5 5 6 7 8 9 9 9 9 10 10 10 13 14 13 16 17 13 11 11 11 10 19 12 12 12 13 14 15 18 11 12 15 17 18
13 16 17 13 11 11 11 10 19 12 12 12 13 14 15 18 11 12 15 17 18 0 0 0 1 2 3 4 5 5 6 7 8 9 9 9 9 10 10 10 13 14
-93.21447667000007
os-49_4-a
H H H H H H H H H C C C C N O O Os Os Os
0 0 1 1 2 3 4 5 6 7 8 9 9 9 9 9 10 10 11 13 14 15 13 18 13 18 10 10 11 11 12 12 12 13 14 15 16 18 11 15 12 18 16 17
13 18 13 18 10 10 11 11 12 12 12 13 14 15 16 18 11 15 12 18 16 17 0 0 1 1 2 3 4 5 6 7 8 9 9 9 9 9 10 10 11 13 14 15
-93.09118346000002
os-49_5-a
H H H H H H H H H C C C C N O O Os Os Os Os Os
0 0 0 1 2 3 4 4 5 6 7 8 9 9 9 9 9 9 10 10 11 14 15 15 16 18 11 11 11 10 20 10 12 12 12 13 14 15 17 18 19 12 13 13 19 18
15 16 18 11 11 11 10 20 10 12 12 12 13 14 15 17 18 19 12 13 13 19 18 0 0 0 1 2 3 4 4 5 6 7 8 9 9 9 9 9 9 10 10 11 14 15
-92.75366134000001
os-49_6-a
H H H H H H H H H C C C C N O O Os Os Os Os Os Os
0 1 1 2 3 3 4 5 5 6 7 8 8 9 9 9 9 9 9 10 10 11 13 14 11 11 17 11 13 20 10 10 19 12 12 12 21 13 14 15 16 18 20 12 13 15 20 18
11 11 17 11 13 20 10 10 19 12 12 12 21 13 14 15 16 18 20 12 13 15 20 18 0 1 1 2 3 3 4 5 5 6 7 8 8 9 9 9 9 9 9 10 10 11 13 14
-92.61487707000003
os-49_7-a
H H H H H H H H H C C C C N O O Os Os Os Os Os Os
0 0 1 2 3 3 4 4 5 6 6 7 8 9 9 9 9 9 10 11 11 13 14 15 13 20 10 10 10 21 11 18 11 12 16 12 12 13 14 15 19 20 13 12 15 20 19 17
13 20 10 10 10 21 11 18 11 12 16 12 12 13 14 15 19 20 13 12 15 20 19 17 0 0 1 2 3 3 4 4 5 6 6 7 8 9 9 9 9 9 10 11 11 13 14 15
-92.79324872000007
os-49_8-a
H H H H H H H H H C C C C N O O Os Os Os
0 1 1 2 3 4 5 6 6 7 8 9 9 9 9 10 11 12 14 10 10 16 10 11 11 11 12 17 12 12 13 14 15 18 13 13 15 18
10 10 16 10 11 11 11 12 17 12 12 13 14 15 18 13 13 15 18 0 1 1 2 3 4 5 6 6 7 8 9 9 9 9 10 11 12 14
-92.21307769000009
pd-13_1-a
H H H C N O O Pd Pd Pd
0 0 0 1 2 3 3 3 5 4 7 8 4 6 4 5 6 9
4 7 8 4 6 4 5 6 9 0 0 0 1 2 3 3 3 5
-43.007274860000024
pd-25_1-a
H H H H H C C N O O Pd Pd Pd Pd
0 0 1 2 3 3 4 5 5 5 5 5 6 8 9 9 13 7 6 6 10 6 7 8 9 12 13 7 11 13
9 13 7 6 6 10 6 7 8 9 12 13 7 11 13 0 0 1 2 3 3 4 5 5 5 5 5 6 8 9
-59.309557530000035
pd-25_2-a
H H H H H C C N O O Pd Pd Pd
0 0 0 1 2 3 4 5 5 5 6 7 8 7 10 11 7 6 6 6 7 8 9 9 10 12
7 10 11 7 6 6 6 7 8 9 9 10 12 0 0 0 1 2 3 4 5 5 5 6 7 8
-59.46038975000002
pd-37_1-a
H H H H H H H C C C N O O Pd Pd Pd Pd Pd Pd
0 0 0 0 1 2 3 3 4 5 6 6 7 7 7 7 7 8 8 11 12 12 13 14 16 10 8 8 18 9 9 9 15 10 11 12 14 17 9 10 17 16
12 13 14 16 10 8 8 18 9 9 9 15 10 11 12 14 17 9 10 17 16 0 0 0 0 1 2 3 3 4 5 6 6 7 7 7 7 7 8 8 11 12
-76.15816472999998
pd-37_2-a
H H H H H H H C C C N O O Pd Pd Pd
0 0 1 2 2 3 4 5 6 7 7 7 7 8 8 10 11 10 13 10 8 15 8 9 9 9 10 11 12 14 9 12 13 14
10 13 10 8 15 8 9 9 9 10 11 12 14 9 12 13 14 0 0 1 2 2 3 4 5 6 7 7 7 7 8 8 10 11
-76.22649907000002
pd-37_3-a
H H H H H H H C C C N O O Pd Pd Pd Pd
0 0 1 2 2 3 4 5 6 7 7 7 7 7 8 9 11 12 12 13 8 8 15 8 9 9 9 10 11 12 14 16 10 10 14 13
12 13 8 8 15 8 9 9 9 10 11 12 14 16 10 10 14 13 0 0 1 2 2 3 4 5 6 7 7 7 7 7 8 9 11 12
-75.86928501000003
pd-37_4-a
H H H H H H H C C C N O O Pd Pd Pd Pd
0 1 1 2 3 3 4 5 5 6 7 7 7 7 8 8 9 10 12 9 9 14 9 10 15 8 8 13 8 10 11 12 15 10 15 12 15 16
9 9 14 9 10 15 8 8 13 8 10 11 12 15 10 15 12 15 16 0 1 1 2 3 3 4 5 5 6 7 7 7 7 8 8 9 10 12
-75.85271473999998
pd-49_1-a
H H H H H H H H H C C C C N O O Pd Pd Pd Pd
0 0 1 2 3 4 4 5 5 6 7 8 9 9 9 9 9 10 10 10 14 15 15 19 13 11 11 11 16 10 18 12 12 12 13 14 15 17 19 11 12 13 17 19
15 19 13 11 11 11 16 10 18 12 12 12 13 14 15 17 19 11 12 13 17 19 0 0 1 2 3 4 4 5 5 6 7 8 9 9 9 9 9 10 10 10 14 15
-92.87040620000002
pd-49_2-a
H H H H H H H H H C C C C N O O Pd Pd Pd Pd Pd Pd
0 0 1 2 3 3 4 4 5 6 6 7 8 9 9 9 9 9 10 10 11 13 14 15 15 16 13 10 10 19 11 17 11 12 21 12 12 13 14 15 16 20 11 13 12 20 18 16
15 16 13 10 10 19 11 17 11 12 21 12 12 13 14 15 16 20 11 13 12 20 18 16 0 0 1 2 3 3 4 4 5 6 6 7 8 9 9 9 9 9 10 10 11 13 14 15
-92.81406618000003
pd-49_3-a
H H H H H H H H H C C C C N O O Pd Pd Pd
0 0 1 2 3 4 5 5 6 7 8 9 9 9 9 10 10 10 13 14 13 16 13 11 11 11 10 18 12 12 12 13 14 15 17 11 12 15 16 17
13 16 13 11 11 11 10 18 12 12 12 13 14 15 17 11 12 15 16 17 0 0 1 2 3 4 5 5 6 7 8 9 9 9 9 10 10 10 13 14
-93.02268990000002
pd-49_4-a
H H H H H H H H H C C C C N O O Pd Pd Pd Pd Pd
0 0 1 1 2 3 4 5 5 6 7 8 8 9 9 9 9 10 10 11 13 14 15 13 20 13 20 10 10 11 11 17 12 12 12 16 13 14 15 20 11 15 12 20 18 19
13 20 13 20 10 10 11 11 17 12 12 12 16 13 14 15 20 11 15 12 20 18 19 0 0 1 1 2 3 4 5 5 6 7 8 8 9 9 9 9 10 10 11 13 14 15
-92.98994289000004
pd-49_5-a
H H H H H H H H H C C C C N O O Pd Pd Pd Pd Pd
0 0 0 1 2 3 4 4 5 6 7 8 9 9 9 9 9 10 10 11 14 15 15 16 18 11 11 11 10 20 10 12 12 12 13 14 15 17 19 12 13 13 19 18
15 16 18 11 11 11 10 20 10 12 12 12 13 14 15 17 19 12 13 13 19 18 0 0 0 1 2 3 4 4 5 6 7 8 9 9 9 9 9 10 10 11 14 15
-92.57439027000001
pd-49_6-a
H H H H H H H H H C C C C N O O Pd Pd Pd Pd Pd
0 1 1 2 3 3 4 5 5 6 7 8 8 9 9 9 9 10 10 11 13 14 15 11 11 16 11 13 19 10 10 18 12 12 12 20 13 14 15 19 12 13 15 19 17 16
11 11 16 11 13 19 10 10 18 12 12 12 20 13 14 15 19 12 13 15 19 17 16 0 1 1 2 3 3 4 5 5 6 7 8 8 9 9 9 9 10 10 11 13 14 15
-92.53865964000002
pd-49_7-a
H H H H H H H H H C C C C N O O Pd Pd Pd Pd Pd
0 0 1 2 3 3 4 4 5 6 6 7 8 9 9 9 9 10 10 11 11 13 15 13 19 10 10 10 20 11 18 11 12 16 12 12 13 14 15 19 13 19 12 15 19 17
13 19 10 10 10 20 11 18 11 12 16 12 12 13 14 15 19 13 19 12 15 19 17 0 0 1 2 3 3 4 4 5 6 6 7 8 9 9 9 9 10 10 11 11 13 15
-92.68977367
pd-49_8-a
H H H H H H H H H C C C C N O O Pd Pd Pd
0 1 1 2 3 4 5 6 6 7 8 9 9 9 9 10 11 12 14 10 10 16 10 11 11 11 12 17 12 12 13 14 15 18 13 13 15 18
10 10 16 10 11 11 11 12 17 12 12 13 14 15 18 13 13 15 18 0 1 1 2 3 4 5 6 6 7 8 9 9 9 9 10 11 12 14
-92.2291385
pt-13_1-a
H H H C N O O Pt Pt Pt
0 0 0 1 2 3 3 3 5 4 7 8 4 6 4 5 6 9
4 7 8 4 6 4 5 6 9 0 0 0 1 2 3 3 3 5
-42.95026984000003
pt-25_1-a
H H H H H C C N O O Pt
0 0 1 2 3 4 5 5 5 6 9 9 10 7 6 6 6 7 8 9 7 10
9 10 7 6 6 6 7 8 9 7 10 0 0 1 2 3 4 5 5 5 6 9
-59.24321499000001
pt-25_2-a
H H H H H C C N O O Pt Pt
0 0 1 2 3 4 5 5 5 5 6 8 7 10 7 6 6 6 7 8 9 11 9 11
7 10 7 6 6 6 7 8 9 11 9 11 0 0 1 2 3 4 5 5 5 5 6 8
-59.402390800000035
pt-37_1-a
H H H H H H H C C C N O O Pt Pt Pt Pt
0 1 2 3 3 4 5 6 7 7 7 7 7 8 8 11 12 12 10 8 8 15 9 9 9 10 11 12 14 16 9 10 14 13
12 10 8 8 15 9 9 9 10 11 12 14 16 9 10 14 13 0 1 2 3 3 4 5 6 7 7 7 7 7 8 8 11 12
-76.06177473000002
pt-37_2-a
H H H H H H H C C C N O O Pt Pt Pt
0 0 1 2 2 3 4 5 6 7 7 7 7 8 8 11 10 13 10 8 15 8 9 9 9 10 11 12 14 9 12 14
10 13 10 8 15 8 9 9 9 10 11 12 14 9 12 14 0 0 1 2 2 3 4 5 6 7 7 7 7 8 8 11
-76.16916872000002
pt-37_3-a
H H H H H H H C C C N O O Pt Pt Pt
0 1 2 3 4 5 6 7 7 7 7 7 8 9 11 12 12 8 8 8 9 9 9 10 11 12 14 15 10 10 14 13
12 8 8 8 9 9 9 10 11 12 14 15 10 10 14 13 0 1 2 3 4 5 6 7 7 7 7 7 8 9 11 12
-75.77680699000001
pt-37_4-a
H H H H H H H C C C N O O Pt Pt Pt
0 1 2 3 3 4 5 5 6 7 7 7 7 8 8 9 10 12 9 9 9 10 14 8 8 13 8 10 11 12 14 10 14 12 14 15
9 9 9 10 14 8 8 13 8 10 11 12 14 10 14 12 14 15 0 1 2 3 3 4 5 5 6 7 7 7 7 8 8 9 10 12
-75.84021079000001
pt-49_1-a
H H H H H H H H H C C C C N O O Pt Pt
0 1 2 3 4 5 5 6 7 8 9 9 9 9 10 10 10 14 15 13 11 11 11 10 17 12 12 12 13 14 15 16 11 12 13 16
15 13 11 11 11 10 17 12 12 12 13 14 15 16 11 12 13 16 0 1 2 3 4 5 5 6 7 8 9 9 9 9 10 10 10 14
-92.78021395000002
pt-49_2-a
H H H H H H H H H C C C C N O O Pt Pt Pt Pt Pt Pt
0 0 0 1 1 2 3 3 3 4 4 5 6 7 8 9 9 9 9 10 10 11 13 15 15 16 17 13 20 10 10 19 21 11 18 11 12 12 12 13 14 15 20 11 13 12 20 16
15 16 17 13 20 10 10 19 21 11 18 11 12 12 12 13 14 15 20 11 13 12 20 16 0 0 0 1 1 2 3 3 3 4 4 5 6 7 8 9 9 9 9 10 10 11 13 15
-92.91059023000003
pt-49_3-a
H H H H H H H H H C C C C N O O Pt Pt Pt
0 0 1 2 3 4 5 5 6 7 8 9 9 9 9 10 10 10 14 13 16 13 11 11 11 10 18 12 12 12 13 14 15 17 11 12 15 17
13 16 13 11 11 11 10 18 12 12 12 13 14 15 17 11 12 15 17 0 0 1 2 3 4 5 5 6 7 8 9 9 9 9 10 10 10 14
-92.96247649999998
pt-49_4-a
H H H H H H H H H C C C C N O O Pt Pt
0 0 1 1 2 3 4 5 5 6 7 8 9 9 9 9 10 10 11 13 13 17 13 17 10 10 11 11 16 12 12 12 13 14 15 17 11 15 12 17
13 17 13 17 10 10 11 11 16 12 12 12 13 14 15 17 11 15 12 17 0 0 1 1 2 3 4 5 5 6 7 8 9 9 9 9 10 10 11 13
-92.96812028
pt-49_5-a
H H H H H H H H H C C C C N O O Pt Pt Pt Pt
0 1 2 3 4 4 5 6 7 8 9 9 9 9 9 10 10 11 14 15 15 11 11 11 10 18 10 12 12 12 13 14 15 17 19 12 13 13 17 16
15 11 11 11 10 18 10 12 12 12 13 14 15 17 19 12 13 13 17 16 0 1 2 3 4 4 5 6 7 8 9 9 9 9 9 10 10 11 14 15
-92.48381731
pt-49_6-a
H H H H H H H H H C C C C N O O Pt Pt Pt
0 1 2 3 3 4 5 5 6 7 8 8 9 9 9 9 10 10 11 13 11 11 11 13 17 10 10 16 12 12 12 18 13 14 15 17 12 13 15 17
11 11 11 13 17 10 10 16 12 12 12 18 13 14 15 17 12 13 15 17 0 1 2 3 3 4 5 5 6 7 8 8 9 9 9 9 10 10 11 13
-92.49052317000002
pt-49_7-a
H H H H H H H H H C C C C N O O Pt Pt Pt
0 0 1 2 3 3 4 5 6 7 8 9 9 9 9 10 10 11 11 13 15 13 17 10 10 10 16 11 11 12 12 12 13 14 15 17 13 17 12 15 17 18
13 17 10 10 10 16 11 11 12 12 12 13 14 15 17 13 17 12 15 17 18 0 0 1 2 3 3 4 5 6 7 8 9 9 9 9 10 10 11 11 13 15
-92.66892414
pt-49_8-a
H H H H H H H H H C C C C N O O Pt Pt Pt
0 1 1 2 3 4 5 6 6 7 8 9 9 9 9 10 11 12 14 10 10 16 10 11 11 11 12 17 12 12 13 14 15 18 13 13 15 18
10 10 16 10 11 11 11 12 17 12 12 13 14 15 18 13 13 15 18 0 1 1 2 3 4 5 6 6 7 8 9 9 9 9 10 11 12 14
-92.11193268
rh-13_1-a
H H H C N O O Rh Rh Rh
0 0 0 1 2 3 3 3 4 5 4 7 8 4 6 4 5 6 7 9
4 7 8 4 6 4 5 6 7 9 0 0 0 1 2 3 3 3 4 5
-43.04334086
rh-25_1-a
H H H H H C C N O O Rh Rh Rh
0 0 1 2 3 4 5 5 5 5 5 6 8 9 9 12 7 6 6 6 7 8 9 11 12 7 10 12
9 12 7 6 6 6 7 8 9 11 12 7 10 12 0 0 1 2 3 4 5 5 5 5 5 6 8 9
-59.292735719999996
rh-25_2-a
H H H H H C C N O O Rh Rh Rh Rh
0 0 1 2 3 4 5 5 5 5 6 8 8 8 7 10 7 6 6 6 7 8 9 12 9 11 12 13
7 10 7 6 6 6 7 8 9 12 9 11 12 13 0 0 1 2 3 4 5 5 5 5 6 8 8 8
-59.44720079000001
rh-37_1-a
H H H H H H H C C C N O O Rh Rh Rh Rh Rh Rh
0 0 0 0 1 2 3 3 4 5 6 6 7 7 7 7 7 8 8 11 12 12 13 14 16 10 8 8 18 9 9 9 15 10 11 12 14 17 9 10 17 16
12 13 14 16 10 8 8 18 9 9 9 15 10 11 12 14 17 9 10 17 16 0 0 0 0 1 2 3 3 4 5 6 6 7 7 7 7 7 8 8 11 12
-76.14220518000002
rh-37_2-a
H H H H H H H C C C N O O Rh Rh Rh Rh
0 0 0 1 2 2 3 4 5 6 7 7 7 7 8 8 10 11 10 13 14 10 8 16 8 9 9 9 10 11 12 15 9 12 14 15
10 13 14 10 8 16 8 9 9 9 10 11 12 15 9 12 14 15 0 0 0 1 2 2 3 4 5 6 7 7 7 7 8 8 10 11
-76.23945362
rh-37_3-a
H H H H H H H C C C N O O Rh Rh Rh Rh Rh
0 0 0 1 2 2 3 4 5 6 7 7 7 7 7 8 9 11 12 12 13 15 8 8 17 8 9 9 9 10 11 12 14 16 10 10 16 15
12 13 15 8 8 17 8 9 9 9 10 11 12 14 16 10 10 16 15 0 0 0 1 2 2 3 4 5 6 7 7 7 7 7 8 9 11 12
-75.85581171000001
rh-37_4-a
H H H H H H H C C C N O O Rh Rh Rh Rh
0 1 2 3 3 4 4 5 5 6 7 7 7 7 8 8 9 10 12 9 9 9 10 15 8 14 8 13 8 10 11 12 15 10 15 12 15 16
9 9 9 10 15 8 14 8 13 8 10 11 12 15 10 15 12 15 16 0 1 2 3 3 4 4 5 5 6 7 7 7 7 8 8 9 10 12
-75.83981936000004
rh-49_1-a
H H H H H H H H H C C C C N O O Rh Rh Rh Rh
0 0 0 1 2 3 4 5 5 6 7 8 9 9 9 10 10 10 14 15 15 16 19 13 11 11 11 10 18 12 12 12 13 14 15 11 12 13 17 19
15 16 19 13 11 11 11 10 18 12 12 12 13 14 15 11 12 13 17 19 0 0 0 1 2 3 4 5 5 6 7 8 9 9 9 10 10 10 14 15
-93.19526809000001
rh-49_2-a
H H H H H H H H H C C C C N O O Rh Rh Rh Rh
0 0 1 1 2 3 4 4 5 6 7 8 9 9 9 9 9 10 10 11 13 14 15 15 19 13 18 10 10 11 16 11 12 12 12 13 14 15 18 19 11 13 12 18 17 19
15 19 13 18 10 10 11 16 11 12 12 12 13 14 15 18 19 11 13 12 18 17 19 0 0 1 1 2 3 4 4 5 6 7 8 9 9 9 9 9 10 10 11 13 14 15
-92.77458328
rh-49_3-a
H H H H H H H H H C C C C N O O Rh Rh Rh
0 0 1 2 3 4 5 5 6 7 8 9 9 9 9 10 10 10 13 14 13 16 13 11 11 11 10 18 12 12 12 13 14 15 17 11 12 15 16 17
13 16 13 11 11 11 10 18 12 12 12 13 14 15 17 11 12 15 16 17 0 0 1 2 3 4 5 5 6 7 8 9 9 9 9 10 10 10 13 14
-93.03084933000002
rh-49_4-a
H H H H H H H H H C C C C N O O Rh Rh Rh Rh
0 0 1 1 2 3 4 5 5 6 7 8 9 9 9 9 10 10 11 13 14 15 13 19 13 19 10 10 11 11 16 12 12 12 13 14 15 19 11 15 12 19 17 18
13 19 13 19 10 10 11 11 16 12 12 12 13 14 15 19 11 15 12 19 17 18 0 0 1 1 2 3 4 5 5 6 7 8 9 9 9 9 10 10 11 13 14 15
-92.96312411000002
rh-49_5-a
H H H H H H H H H C C C C N O O Rh Rh Rh Rh Rh
0 0 0 1 2 3 4 4 5 6 7 8 9 9 9 9 9 10 10 11 14 15 15 16 18 11 11 11 10 20 10 12 12 12 13 14 15 17 19 12 13 13 19 18
15 16 18 11 11 11 10 20 10 12 12 12 13 14 15 17 19 12 13 13 19 18 0 0 0 1 2 3 4 4 5 6 7 8 9 9 9 9 9 10 10 11 14 15
-92.56241919000001
rh-49_6-a
H H H H H H H H H C C C C N O O Rh Rh Rh Rh Rh
0 1 2 3 3 4 5 5 6 7 8 8 9 9 9 9 9 10 10 11 13 14 15 11 11 11 13 19 10 10 18 12 12 12 20 13 14 15 16 19 12 13 15 19 17 16
11 11 11 13 19 10 10 18 12 12 12 20 13 14 15 16 19 12 13 15 19 17 16 0 1 2 3 3 4 5 5 6 7 8 8 9 9 9 9 9 10 10 11 13 14 15
-92.48205853000002
rh-49_7-a
H H H H H H H H H C C C C N O O Rh Rh Rh Rh Rh Rh
0 0 1 2 3 3 4 4 5 6 6 7 8 9 9 9 9 9 10 10 11 11 13 15 13 20 10 10 10 21 11 18 11 12 16 12 12 13 14 15 19 20 13 20 12 15 20 17
13 20 10 10 10 21 11 18 11 12 16 12 12 13 14 15 19 20 13 20 12 15 20 17 0 0 1 2 3 3 4 4 5 6 6 7 8 9 9 9 9 9 10 10 11 11 13 15
-92.66148551000003
rh-49_8-a
H H H H H H H H H C C C C N O O Rh Rh Rh
0 1 1 2 3 4 5 6 6 7 8 9 9 9 9 10 11 12 14 10 10 16 10 11 11 11 12 17 12 12 13 14 15 18 13 13 15 18
10 10 16 10 11 11 11 12 17 12 12 13 14 15 18 13 13 15 18 0 1 1 2 3 4 5 6 6 7 8 9 9 9 9 10 11 12 14
-92.16130614000002
ru-13_1-a
H H H C N O O Ru Ru Ru
0 0 0 1 2 3 3 3 5 4 7 8 4 6 4 5 6 9
4 7 8 4 6 4 5 6 9 0 0 0 1 2 3 3 3 5
-43.12352807000002
ru-25_1-a
H H H H H C C N O O Ru Ru Ru Ru
0 0 0 1 2 3 4 5 5 5 5 5 5 6 8 9 9 10 13 7 6 6 6 7 8 9 11 12 13 7 11 13
9 10 13 7 6 6 6 7 8 9 11 12 13 7 11 13 0 0 0 1 2 3 4 5 5 5 5 5 5 6 8 9
-59.49679443000002
ru-25_2-a
H H H H H C C N O O Ru Ru Ru Ru Ru
0 0 0 1 2 3 4 5 5 5 6 8 8 8 7 11 14 7 6 6 6 7 8 9 9 10 12 13
7 11 14 7 6 6 6 7 8 9 9 10 12 13 0 0 0 1 2 3 4 5 5 5 6 8 8 8
-59.57707650999998
ru-37_1-a
H H H H H H H C C C N O O Ru Ru Ru Ru Ru
0 0 0 1 2 3 3 4 5 6 7 7 7 7 7 7 8 8 11 12 12 13 15 10 8 8 17 9 9 9 10 11 12 14 15 16 9 10 16 15
12 13 15 10 8 8 17 9 9 9 10 11 12 14 15 16 9 10 16 15 0 0 0 1 2 3 3 4 5 6 7 7 7 7 7 7 8 8 11 12
-76.23367403999998
ru-37_2-a
H H H H H H H C C C N O O Ru Ru Ru Ru
0 0 0 1 2 2 3 4 5 6 7 7 7 7 8 8 10 11 10 13 14 10 8 16 8 9 9 9 10 11 12 15 9 12 14 15
10 13 14 10 8 16 8 9 9 9 10 11 12 15 9 12 14 15 0 0 0 1 2 2 3 4 5 6 7 7 7 7 8 8 10 11
-76.29957513
ru-37_3-a
H H H H H H H C C C N O O Ru Ru Ru Ru
0 0 0 1 2 3 4 5 6 7 7 7 7 7 7 8 9 11 12 12 13 15 8 8 8 9 9 9 10 11 12 13 14 16 10 10 14 13
12 13 15 8 8 8 9 9 9 10 11 12 13 14 16 10 10 14 13 0 0 0 1 2 3 4 5 6 7 7 7 7 7 7 8 9 11 12
-75.93900694000001
ru-37_4-a
H H H H H H H C C C N O O Ru Ru Ru Ru Ru Ru
0 1 1 2 3 3 3 4 5 5 6 7 7 7 7 7 7 8 9 10 12 9 9 15 9 10 14 17 8 8 18 8 10 11 12 13 16 17 10 12 17 13
9 9 15 9 10 14 17 8 8 18 8 10 11 12 13 16 17 10 12 17 13 0 1 1 2 3 3 3 4 5 5 6 7 7 7 7 7 7 8 9 10 12
-75.84868963000002
ru-49_1-a
H H H H H H H H H C C C C N O O Ru Ru Ru Ru Ru
0 0 0 1 2 3 4 5 6 7 8 9 9 9 10 10 10 14 14 14 15 15 16 17 13 11 11 11 10 12 12 12 13 14 15 11 12 13 18 19 20 16
15 16 17 13 11 11 11 10 12 12 12 13 14 15 11 12 13 18 19 20 16 0 0 0 1 2 3 4 5 6 7 8 9 9 9 10 10 10 14 14 14 15
-93.26300026999996
ru-49_2-a
H H H H H H H H H C C C C N O O Ru Ru Ru Ru
0 0 0 1 2 3 4 5 6 7 8 9 9 9 9 9 9 10 10 11 14 15 15 16 19 13 10 10 11 11 12 12 12 13 14 15 17 18 19 11 13 12 17 19
15 16 19 13 10 10 11 11 12 12 12 13 14 15 17 18 19 11 13 12 17 19 0 0 0 1 2 3 4 5 6 7 8 9 9 9 9 9 9 10 10 11 14 15
-92.88652761999998
ru-49_3-a
H H H H H H H H H C C C C N O O Ru Ru Ru Ru
0 0 0 1 2 3 4 5 5 6 7 8 9 9 9 9 10 10 10 13 14 13 16 17 13 11 11 11 10 19 12 12 12 13 14 15 18 11 12 15 17 18
13 16 17 13 11 11 11 10 19 12 12 12 13 14 15 18 11 12 15 17 18 0 0 0 1 2 3 4 5 5 6 7 8 9 9 9 9 10 10 10 13 14
-93.10081184999996
ru-49_4-a
H H H H H H H H H C C C C N O O Ru Ru Ru Ru
0 0 0 1 1 2 3 4 5 6 7 8 9 9 9 9 9 9 10 10 11 13 14 13 18 19 13 18 10 10 11 11 12 12 12 13 14 15 16 17 18 11 15 12 18 16
13 18 19 13 18 10 10 11 11 12 12 12 13 14 15 16 17 18 11 15 12 18 16 0 0 0 1 1 2 3 4 5 6 7 8 9 9 9 9 9 9 10 10 11 13 14
-92.98224527999997
ru-49_5-a
H H H H H H H H H C C C C N O O Ru Ru Ru Ru Ru
0 0 0 1 2 3 4 4 5 6 7 8 9 9 9 9 9 9 10 10 11 14 15 15 16 18 11 11 11 10 20 10 12 12 12 13 14 15 17 18 19 12 13 13 19 18
15 16 18 11 11 11 10 20 10 12 12 12 13 14 15 17 18 19 12 13 13 19 18 0 0 0 1 2 3 4 4 5 6 7 8 9 9 9 9 9 9 10 10 11 14 15
-92.64967363
ru-49_6-a
H H H H H H H H H C C C C N O O Ru Ru Ru Ru Ru Ru Ru
0 1 1 2 3 3 4 5 5 5 6 7 8 8 8 9 9 9 9 9 9 10 10 11 13 15 11 11 18 11 13 21 10 10 20 22 12 12 12 17 22 13 14 15 16 19 21 12 13 15 21 16
11 11 18 11 13 21 10 10 20 22 12 12 12 17 22 13 14 15 16 19 21 12 13 15 21 16 0 1 1 2 3 3 4 5 5 5 6 7 8 8 8 9 9 9 9 9 9 10 10 11 13 15
-92.47756378000003
ru-49_7-a
H H H H H H H H H C C C C N O O Ru Ru Ru Ru Ru Ru
0 0 1 2 3 3 4 4 5 6 6 7 8 9 9 9 9 9 9 10 11 11 13 14 15 13 20 10 10 10 21 11 18 11 12 16 12 12 13 14 15 17 19 20 13 12 15 20 19 17
13 20 10 10 10 21 11 18 11 12 16 12 12 13 14 15 17 19 20 13 12 15 20 19 17 0 0 1 2 3 3 4 4 5 6 6 7 8 9 9 9 9 9 9 10 11 11 13 14 15
-92.63059284000002
ru-49_8-a
H H H H H H H H H C C C C N O O Ru Ru Ru
0 0 1 1 2 3 4 5 6 6 7 8 9 9 9 9 10 11 12 14 10 16 10 16 10 11 11 11 12 17 12 12 13 14 15 18 13 13 15 18
10 16 10 16 10 11 11 11 12 17 12 12 13 14 15 18 13 13 15 18 0 0 1 1 2 3 4 5 6 6 7 8 9 9 9 9 10 11 12 14
-92.15675145000006
zn-13_1-a
H H H C N O O Zn
0 1 2 3 3 3 5 4 4 6 4 5 6 7
4 4 6 4 5 6 7 0 1 2 3 3 3 5
-42.75198825999999
zn-25_1-a
H H H H H C C N O O Zn
0 1 2 3 4 5 5 5 6 9 9 7 6 6 6 7 8 9 7 10
9 7 6 6 6 7 8 9 7 10 0 1 2 3 4 5 5 5 6 9
-59.09910880999999
zn-25_2-a
H H H H H C C N O O Zn
0 1 2 3 4 5 5 5 6 8 7 7 6 6 6 7 8 9 9 10
7 7 6 6 6 7 8 9 9 10 0 1 2 3 4 5 5 5 6 8
-59.170457909999996
zn-37_1-a
H H H H H H H C C C N O O Zn
0 1 2 3 4 5 6 7 7 7 8 8 11 12 10 8 8 9 9 9 10 11 12 9 10 13
12 10 8 8 9 9 9 10 11 12 9 10 13 0 1 2 3 4 5 6 7 7 7 8 8 11
-75.84543694999999
zn-37_2-a
H H H H H H H C C C N O O Zn
0 1 2 3 4 5 6 7 7 7 8 8 11 10 10 8 8 9 9 9 10 11 12 9 12 13
10 10 8 8 9 9 9 10 11 12 9 12 13 0 1 2 3 4 5 6 7 7 7 8 8 11
-75.92416649
zn-37_3-a
H H H H H H H C C C N O O Zn
0 1 2 3 4 5 6 7 7 7 7 8 9 11 12 8 8 8 9 9 9 10 11 12 13 10 10 13
12 8 8 8 9 9 9 10 11 12 13 10 10 13 0 1 2 3 4 5 6 7 7 7 7 8 9 11
-75.54491096000001
zn-37_4-a
H H H H H H H C C C N O O Zn
0 1 2 3 4 5 6 7 7 7 8 9 10 9 9 9 10 8 8 8 10 11 12 10 12 13
9 9 9 10 8 8 8 10 11 12 10 12 13 0 1 2 3 4 5 6 7 7 7 8 9 10
-75.49822072
zn-49_1-a
H H H H H H H H H C C C C N O O Zn
0 1 2 3 4 5 6 7 8 9 9 9 10 10 10 14 15 13 11 11 11 10 12 12 12 13 14 15 11 12 13 16
15 13 11 11 11 10 12 12 12 13 14 15 11 12 13 16 0 1 2 3 4 5 6 7 8 9 9 9 10 10 10 14
-92.55894085
zn-49_2-a
H H H H H H H H H C C C C N O O Zn
0 1 2 3 4 5 6 7 8 9 9 9 10 10 11 15 15 13 10 10 11 11 12 12 12 13 14 15 11 13 12 16
15 13 10 10 11 11 12 12 12 13 14 15 11 13 12 16 0 1 2 3 4 5 6 7 8 9 9 9 10 10 11 15
-92.52486687000001
zn-49_3-a
H H H H H H H H H C C C C N O O Zn
0 1 2 3 4 5 6 7 8 9 9 9 10 10 10 14 13 13 11 11 11 10 12 12 12 13 14 15 11 12 15 16
13 13 11 11 11 10 12 12 12 13 14 15 11 12 15 16 0 1 2 3 4 5 6 7 8 9 9 9 10 10 10 14
-92.69236143999998
zn-49_4-a
H H H H H H H H H C C C C N O O Zn
0 1 2 3 4 5 6 7 8 9 9 9 10 10 11 14 13 13 10 10 11 11 12 12 12 13 14 15 11 15 12 16
13 13 10 10 11 11 12 12 12 13 14 15 11 15 12 16 0 1 2 3 4 5 6 7 8 9 9 9 10 10 11 14
-92.59665497
zn-49_5-a
H H H H H H H H H C C C C N O O Zn
0 1 2 3 4 5 6 7 8 9 9 9 10 10 11 14 15 11 11 11 10 10 12 12 12 13 14 15 12 13 13 16
15 11 11 11 10 10 12 12 12 13 14 15 12 13 13 16 0 1 2 3 4 5 6 7 8 9 9 9 10 10 11 14
-92.2439847
zn-49_6-a
H H H H H H H H H C C C C N O O
0 1 2 3 4 5 6 7 8 9 9 9 10 10 11 11 11 11 13 10 10 12 12 12 13 14 15 12 13 15
11 11 11 13 10 10 12 12 12 13 14 15 12 13 15 0 1 2 3 4 5 6 7 8 9 9 9 10 10 11
-92.20358472000001
zn-49_7-a
H H H H H H H H H C C C C N O O Zn
0 1 2 3 4 5 6 7 8 9 9 9 10 11 11 13 13 10 10 10 11 11 12 12 12 13 14 15 13 12 15 16
13 10 10 10 11 11 12 12 12 13 14 15 13 12 15 16 0 1 2 3 4 5 6 7 8 9 9 9 10 11 11 13
-92.28121038
zn-49_8-a
H H H H H H H H H C C C C N O O Zn
0 1 2 3 4 5 6 7 8 9 9 9 10 11 12 14 10 10 10 11 11 11 12 12 12 13 14 15 13 13 15 16
10 10 10 11 11 11 12 12 12 13 14 15 13 13 15 16 0 1 2 3 4 5 6 7 8 9 9 9 10 11 12 14
-91.88954435
