ag-1211-a
H H C O Ag Ag
0 1 2 2 3 2 2 3 5 4
2 2 3 5 4 0 1 2 2 3
-22.306874050000005
ag-2201-a
H H C C Ag
0 1 2 2 3 2 3 3 4 4
2 3 3 4 4 0 1 2 2 3
-23.15886225
ag-2401-a
H H H H C C Ag
0 1 2 3 4 4 5 4 4 5 5 5 6 6
4 4 5 5 5 6 6 0 1 2 3 4 4 5
-32.32111677
ag-2411-a
H H H H C C O Ag Ag
0 1 2 3 4 5 6 6 4 4 4 5 5 6 7 8
4 4 4 5 5 6 7 8 0 1 2 3 4 5 6 6
-39.36930474000002
ag-2601-a
H H H H H H C C Ag
0 1 2 2 3 4 5 6 6 6 6 8 7 7 7 7
6 6 6 8 7 7 7 7 0 1 2 2 3 4 5 6
-40.72409326000002
ag-2611-a
H H H H H H C C O
0 1 2 3 4 5 6 7 6 6 6 7 7 7 8 8
6 6 6 7 7 7 8 8 0 1 2 3 4 5 6 7
-46.67676865999999
ag-2612-a
H H H H H H C C O Ag Ag
0 0 1 2 3 4 5 5 6 7 8 6 9 6 6 7 7 8 10 7 8 10
6 9 6 6 7 7 8 10 7 8 10 0 0 1 2 3 4 5 5 6 7 8
-47.31811714
ag-3401-a
H H H H C C C Ag
0 1 2 3 4 4 5 5 6 6 6 4 5 7 6 7
6 6 6 4 5 7 6 7 0 1 2 3 4 4 5 5
-40.13753341
ag-3601-a
H H H H H H C C C Ag Ag Ag
0 1 2 2 3 3 3 4 5 6 6 7 7 8 8 8 9 6 10 11 6 7 7 11 8 11
8 8 8 9 6 10 11 6 7 7 11 8 11 0 1 2 2 3 3 3 4 5 6 6 7 7
-49.10067909
ag-3611-a
H H H H H H C C C O
0 1 2 3 4 5 6 7 7 6 6 6 8 8 8 7 8 9
6 6 6 8 8 8 7 8 9 0 1 2 3 4 5 6 7 7
-56.247555800000015
ag-3611-b
H H H H H H C C C O Ag Ag Ag
0 1 2 3 4 4 5 5 6 7 7 9 6 6 6 8 8 12 8 10 7 8 9 11
6 6 6 8 8 12 8 10 7 8 9 11 0 1 2 3 4 4 5 5 6 7 7 9
-56.36989016000001
ag-3801-a
H H H H H H H H C C C Ag
0 1 2 3 4 4 5 6 7 8 9 8 8 8 9 9 11 10 10 10 9 10
8 8 8 9 9 11 10 10 10 9 10 0 1 2 3 4 4 5 6 7 8 9
-57.39449422999999
ag-3811-a
H H H H H H H H C C C O Ag Ag
0 1 2 2 3 4 5 6 7 8 9 10 11 8 8 8 13 9 9 10 10 10 9 11 11 12
8 8 8 13 9 9 10 10 10 9 11 11 12 0 1 2 2 3 4 5 6 7 8 9 10 11
-63.52567429999999
ag-3812-a
H H H H H H H H C C C O Ag Ag Ag
0 1 2 3 3 4 5 6 7 7 7 8 9 10 11 8 8 8 9 14 9 10 10 11 12 13 9 10 11 13
8 8 8 9 14 9 10 10 11 12 13 9 10 11 13 0 1 2 3 3 4 5 6 7 7 7 8 9 10 11
-63.92932571
ag-3813-a
H H H H H H H H C C C O Ag Ag Ag
0 1 2 2 3 4 5 5 6 7 7 8 9 9 11 8 8 8 12 10 10 10 14 9 11 13 9 10 11 13
8 8 8 12 10 10 10 14 9 11 13 9 10 11 13 0 1 2 2 3 4 5 5 6 7 7 8 9 9 11
-64.11389342000001
ag-4601-a
H H H H H H C C C C Ag Ag
0 1 2 3 4 4 5 6 7 7 8 8 6 6 6 9 9 11 9 7 8 10 9 10
6 6 6 9 9 11 9 7 8 10 9 10 0 1 2 3 4 4 5 6 7 7 8 8
-57.042648540000016
ag-4602-a
H H H H H H C C C C Ag Ag Ag
0 1 1 2 3 4 4 5 6 6 7 7 8 8 8 10 9 9 9 12 6 7 11 8 11 9
8 8 10 9 9 9 12 6 7 11 8 11 9 0 1 1 2 3 4 4 5 6 6 7 7 8
-56.78389100000001
ag-4801-a
H H H H H H H H C C C C Ag Ag Ag
0 0 1 2 2 3 4 5 5 6 7 8 8 9 9 10 10 12 10 11 14 11 11 8 13 8 9 9 13 10 13 11
10 12 10 11 14 11 11 8 13 8 9 9 13 10 13 11 0 0 1 2 2 3 4 5 5 6 7 8 8 9 9 10
-65.68201299
ag-4802-a
H H H H H H H H C C C C Ag Ag Ag Ag
0 1 1 2 3 4 4 5 6 6 7 8 9 9 10 10 8 8 13 8 9 10 12 11 11 15 11 9 10 14 11 14
8 8 13 8 9 10 12 11 11 15 11 9 10 14 11 14 0 1 1 2 3 4 4 5 6 6 7 8 9 9 10 10
-65.84280804
ag-4803-a
H H H H H H H H C C C C Ag Ag Ag
0 1 2 2 3 4 5 6 6 7 8 9 9 10 10 8 8 8 14 9 10 11 11 12 11 9 10 13 11 13
8 8 8 14 9 10 11 11 12 11 9 10 13 11 13 0 1 2 2 3 4 5 6 6 7 8 9 9 10 10
-65.81717496000002
ag-4804-a
H H H H H H H H C C C C Ag
0 1 2 3 4 5 6 7 8 9 9 9 11 8 8 8 10 10 10 11 11 9 10 11 12 12
8 8 8 10 10 10 11 11 9 10 11 12 12 0 1 2 3 4 5 6 7 8 9 9 9 11
-65.94257846
ag-4811-a
H H H H H H H H C C C C O Ag Ag
0 1 2 3 3 3 4 5 6 7 8 9 10 10 8 8 8 9 13 14 9 11 11 11 9 10 11 12
8 8 8 9 13 14 9 11 11 11 9 10 11 12 0 1 2 3 3 3 4 5 6 7 8 9 10 10
-72.90538087000002
ag-4811-b
H H H H H H H H C C C C O Ag
0 1 2 3 4 5 6 7 8 9 10 10 12 8 8 8 9 9 11 11 11 9 10 11 12 13
8 8 8 9 9 11 11 11 9 10 11 12 13 0 1 2 3 4 5 6 7 8 9 10 10 12
-73.01966894
ag-4a01-a
H H H H H H H H H H C C C C Ag Ag Ag
0 1 2 2 3 3 4 5 6 7 8 9 9 10 11 12 10 10 10 15 11 16 11 12 12 13 13 13 14 11 12 13
10 10 10 15 11 16 11 12 12 13 13 13 14 11 12 13 0 1 2 2 3 3 4 5 6 7 8 9 9 10 11 12
-74.06709206
ag-4a02-a
H H H H H H H H H H C C C C Ag Ag
0 1 2 3 3 4 5 6 7 8 9 9 10 11 11 10 10 10 12 15 12 12 11 13 13 13 14 11 12 13
10 10 10 12 15 12 12 11 13 13 13 14 11 12 13 0 1 2 3 3 4 5 6 7 8 9 9 10 11 11
-74.08540828
ag-4a11-a
H H H H H H H H H H C C C C O Ag Ag Ag
0 1 2 3 4 5 5 6 7 8 9 9 9 10 11 12 13 14 10 10 10 11 11 12 16 12 13 13 14 15 17 11 12 13 14 17
10 10 10 11 11 12 16 12 13 13 14 15 17 11 12 13 14 17 0 1 2 3 4 5 5 6 7 8 9 9 9 10 11 12 13 14
-80.57569749000001
ag-4a12-a
H H H H H H H H H H C C C C O Ag Ag
0 1 2 2 3 4 5 5 6 7 8 9 10 11 11 12 14 10 10 10 15 12 12 14 16 11 13 13 13 11 12 14 13 16
10 10 10 15 12 12 14 16 11 13 13 13 11 12 14 13 16 0 1 2 2 3 4 5 5 6 7 8 9 10 11 11 12 14
-80.78047015000001
ag-4a13-a
H H H H H H H H H H C C C C O Ag Ag Ag
0 1 2 2 3 3 4 5 6 7 8 9 9 10 11 11 12 14 10 10 10 15 12 17 12 13 13 13 11 14 16 11 12 14 13 16
10 10 10 15 12 17 12 13 13 13 11 14 16 11 12 14 13 16 0 1 2 2 3 3 4 5 6 7 8 9 9 10 11 11 12 14
-80.77883024000002
ag-4a14-a
H H H H H H H H H H C C C C O Ag Ag
0 1 2 3 4 5 5 6 7 8 9 10 11 11 11 14 10 10 10 12 12 12 15 13 13 13 14 11 12 13 14 16
10 10 10 12 12 12 15 13 13 13 14 11 12 13 14 16 0 1 2 3 4 5 5 6 7 8 9 10 11 11 11 14
-80.83521065
au-1211-a
H H C O Au
0 1 2 2 2 2 3 4
2 2 3 4 0 1 2 2
-22.291885700000023
au-2201-a
H H C C Au
0 1 2 2 3 2 3 3 4 4
2 3 3 4 4 0 1 2 2 3
-23.148282240000015
au-2401-a
H H H H C C Au
0 1 2 3 4 4 5 4 4 5 5 5 6 6
4 4 5 5 5 6 6 0 1 2 3 4 4 5
-32.32531490000002
au-2411-a
H H H H C C O
0 1 2 3 4 5 4 4 4 5 5 6
4 4 4 5 5 6 0 1 2 3 4 5
-39.37326570000002
au-2601-a
H H H H H H C C Au
0 1 2 2 3 4 5 6 6 6 6 8 7 7 7 7
6 6 6 8 7 7 7 7 0 1 2 2 3 4 5 6
-40.74015944000001
au-2611-a
H H H H H H C C O
0 1 2 3 4 5 6 7 6 6 6 7 7 7 8 8
6 6 6 7 7 7 8 8 0 1 2 3 4 5 6 7
-46.70463521000002
au-2612-a
H H H H H H C C O Au Au
0 0 1 2 3 4 5 6 7 8 6 9 6 6 7 7 8 7 8 10
6 9 6 6 7 7 8 7 8 10 0 0 1 2 3 4 5 6 7 8
-47.28593656000001
au-3401-a
H H H H C C C Au Au
0 1 2 3 3 4 4 4 5 5 6 6 6 6 4 8 5 7 8 6 7 7
6 6 6 4 8 5 7 8 6 7 7 0 1 2 3 3 4 4 4 5 5 6
-40.33178098000002
au-3601-a
H H H H H H C C C Au Au
0 1 2 2 3 4 5 6 6 7 7 8 8 8 9 6 6 7 7 10 8 10
8 8 8 9 6 6 7 7 10 8 10 0 1 2 2 3 4 5 6 6 7 7
-49.12995356000002
au-3611-a
H H H H H H C C C O
0 1 2 3 4 5 6 7 7 6 6 6 8 8 8 7 8 9
6 6 6 8 8 8 7 8 9 0 1 2 3 4 5 6 7 7
-56.28307650000002
au-3611-b
H H H H H H C C C O Au Au
0 1 2 3 4 4 5 6 7 7 9 6 6 6 8 8 11 8 7 8 9 10
6 6 6 8 8 11 8 7 8 9 10 0 1 2 3 4 4 5 6 7 7 9
-56.33986967000001
au-3801-a
H H H H H H H H C C C Au
0 1 2 3 4 4 5 6 7 8 9 8 8 8 9 9 11 10 10 10 9 10
8 8 8 9 9 11 10 10 10 9 10 0 1 2 3 4 4 5 6 7 8 9
-57.408588260000016
au-3811-a
H H H H H H H H C C C O Au Au
0 1 2 2 3 4 5 6 7 8 9 10 11 8 8 8 13 9 9 10 10 10 9 11 11 12
8 8 8 13 9 9 10 10 10 9 11 11 12 0 1 2 2 3 4 5 6 7 8 9 10 11
-63.54254861000001
au-3812-a
H H H H H H H H C C C O Au Au
0 1 2 3 3 4 5 6 7 8 9 10 11 8 8 8 9 13 9 10 10 11 9 10 11 12
8 8 8 9 13 9 10 10 11 9 10 11 12 0 1 2 3 3 4 5 6 7 8 9 10 11
-63.90787214000002
au-3813-a
H H H H H H H H C C C O Au Au Au
0 1 2 2 3 4 5 5 6 7 8 9 9 11 8 8 8 12 10 10 10 14 9 11 9 10 11 13
8 8 8 12 10 10 10 14 9 11 9 10 11 13 0 1 2 2 3 4 5 5 6 7 8 9 9 11
-64.09739102
au-4601-a
H H H H H H C C C C Au Au
0 1 2 3 4 4 5 6 7 7 8 8 6 6 6 9 9 11 9 7 8 10 9 10
6 6 6 9 9 11 9 7 8 10 9 10 0 1 2 3 4 4 5 6 7 7 8 8
-57.063453710000005
au-4602-a
H H H H H H C C C C Au Au
0 1 1 2 3 4 5 6 6 7 7 8 8 8 10 9 9 9 6 7 11 8 11 9
8 8 10 9 9 9 6 7 11 8 11 9 0 1 1 2 3 4 5 6 6 7 7 8
-56.80986537000001
au-4801-a
H H H H H H H H C C C C Au Au Au
0 0 1 2 2 3 4 5 6 7 8 8 9 9 10 10 12 10 11 14 11 11 8 8 9 9 13 10 13 11
10 12 10 11 14 11 11 8 8 9 9 13 10 13 11 0 0 1 2 2 3 4 5 6 7 8 8 9 9 10
-65.72182113000002
au-4802-a
H H H H H H H H C C C C Au Au
0 1 2 3 4 5 6 6 7 8 9 9 10 10 8 8 8 9 10 11 11 13 11 9 10 12 11 12
8 8 8 9 10 11 11 13 11 9 10 12 11 12 0 1 2 3 4 5 6 6 7 8 9 9 10 10
-65.8806697
au-4803-a
H H H H H H H H C C C C Au Au Au
0 1 2 2 3 4 5 6 6 7 8 9 9 10 8 8 8 14 9 10 11 11 12 11 9 10 13 11
8 8 8 14 9 10 11 11 12 11 9 10 13 11 0 1 2 2 3 4 5 6 6 7 8 9 9 10
-65.85720309000001
au-4804-a
H H H H H H H H C C C C Au
0 1 2 3 4 5 6 7 8 9 9 9 11 8 8 8 10 10 10 11 11 9 10 11 12 12
8 8 8 10 10 10 11 11 9 10 11 12 12 0 1 2 3 4 5 6 7 8 9 9 9 11
-65.99482204
au-4811-a
H H H H H H H H C C C C O Au Au
0 1 2 3 3 3 4 5 6 7 8 9 10 10 8 8 8 9 13 14 9 11 11 11 9 10 11 12
8 8 8 9 13 14 9 11 11 11 9 10 11 12 0 1 2 3 3 3 4 5 6 7 8 9 10 10
-72.93813779000001
au-4811-b
H H H H H H H H C C C C O Au
0 1 2 3 4 5 6 7 8 9 10 10 12 8 8 8 9 9 11 11 11 9 10 11 12 13
8 8 8 9 9 11 11 11 9 10 11 12 13 0 1 2 3 4 5 6 7 8 9 10 10 12
-72.98066977000002
au-4a01-a
H H H H H H H H H H C C C C Au Au Au
0 1 2 2 3 3 4 5 6 7 8 9 9 10 11 12 10 10 10 15 11 16 11 12 12 13 13 13 14 11 12 13
10 10 10 15 11 16 11 12 12 13 13 13 14 11 12 13 0 1 2 2 3 3 4 5 6 7 8 9 9 10 11 12
-74.09854307
au-4a02-a
H H H H H H H H H H C C C C Au
0 1 2 3 4 5 6 7 8 9 9 10 11 11 10 10 10 12 12 12 11 13 13 13 14 11 12 13
10 10 10 12 12 12 11 13 13 13 14 11 12 13 0 1 2 3 4 5 6 7 8 9 9 10 11 11
-74.11241428
au-4a11-a
H H H H H H H H H H C C C C O Au Au Au
0 1 2 3 4 5 6 6 7 8 9 9 10 11 12 13 14 10 10 10 11 11 12 12 16 13 13 14 15 11 12 13 14 17
10 10 10 11 11 12 12 16 13 13 14 15 11 12 13 14 17 0 1 2 3 4 5 6 6 7 8 9 9 10 11 12 13 14
-80.56049917000001
au-4a12-a
H H H H H H H H H H C C C C O Au
0 1 2 3 4 5 6 7 8 9 10 11 11 12 14 10 10 10 12 12 14 11 13 13 13 11 12 14 13 15
10 10 10 12 12 14 11 13 13 13 11 12 14 13 15 0 1 2 3 4 5 6 7 8 9 10 11 11 12 14
-80.76859158000002
au-4a13-a
H H H H H H H H H H C C C C O Au Au
0 1 2 2 3 3 4 5 6 7 8 9 10 11 11 12 10 10 10 16 12 15 12 13 13 13 11 14 11 12 14 13
10 10 10 16 12 15 12 13 13 13 11 14 11 12 14 13 0 1 2 2 3 3 4 5 6 7 8 9 10 11 11 12
-80.70079676
au-4a14-a
H H H H H H H H H H C C C C O Au Au
0 1 2 3 4 5 5 6 7 8 9 10 11 11 11 14 10 10 10 12 12 12 15 13 13 13 14 11 12 13 14 16
10 10 10 12 12 12 15 13 13 13 14 11 12 13 14 16 0 1 2 3 4 5 5 6 7 8 9 10 11 11 11 14
-80.8504455
cd-1211-a
H H C O Cd
0 1 2 2 2 2 3 4
2 2 3 4 0 1 2 2
-22.273760170000003
cd-2201-a
H H C C
0 1 2 2 3 3
2 3 3 0 1 2
-23.0638402
cd-2401-a
H H H H C C Cd
0 1 2 3 4 4 5 4 4 5 5 5 6 6
4 4 5 5 5 6 6 0 1 2 3 4 4 5
-32.145453120000006
cd-2411-a
H H H H C C O Cd
0 1 2 3 4 5 6 4 4 4 5 5 6 7
4 4 4 5 5 6 7 0 1 2 3 4 5 6
-39.3211282
cd-2601-a
H H H H H H C C
0 1 2 3 4 5 6 6 6 6 7 7 7 7
6 6 6 7 7 7 7 0 1 2 3 4 5 6
-40.680345530000004
cd-2611-a
H H H H H H C C O
0 1 2 3 4 5 6 7 6 6 6 7 7 7 8 8
6 6 6 7 7 7 8 8 0 1 2 3 4 5 6 7
-46.605847520000005
cd-2612-a
H H H H H H C C O Cd
0 1 2 3 4 5 6 7 8 6 6 6 7 7 8 7 8 9
6 6 6 7 7 8 7 8 9 0 1 2 3 4 5 6 7 8
-47.19810942
cd-3401-a
H H H H C C C
0 1 2 3 4 5 6 6 6 4 5 6
6 6 6 4 5 6 0 1 2 3 4 5
-40.017932980000005
cd-3601-a
H H H H H H C C C Cd
0 1 2 3 4 5 6 6 7 7 8 8 8 6 6 7 7 9 8 9
8 8 8 6 6 7 7 9 8 9 0 1 2 3 4 5 6 6 7 7
-48.95578934
cd-3611-a
H H H H H H C C C O
0 1 2 3 4 5 6 7 7 6 6 6 8 8 8 7 8 9
6 6 6 8 8 8 7 8 9 0 1 2 3 4 5 6 7 7
-56.2402552
cd-3611-b
H H H H H H C C C O Cd
0 1 2 3 4 5 6 7 7 9 6 6 6 8 8 8 7 8 9 10
6 6 6 8 8 8 7 8 9 10 0 1 2 3 4 5 6 7 7 9
-56.23245455000001
cd-3801-a
H H H H H H H H C C C Cd
0 1 2 3 4 4 5 6 7 8 9 8 8 8 9 9 11 10 10 10 9 10
8 8 8 9 9 11 10 10 10 9 10 0 1 2 3 4 4 5 6 7 8 9
-57.33218909000001
cd-3811-a
H H H H H H H H C C C O Cd Cd
0 1 2 2 3 4 5 6 7 8 9 10 11 8 8 8 13 9 9 10 10 10 9 11 11 12
8 8 8 13 9 9 10 10 10 9 11 11 12 0 1 2 2 3 4 5 6 7 8 9 10 11
-63.44320054
cd-3812-a
H H H H H H H H C C C O Cd Cd
0 1 2 3 3 4 5 6 7 7 8 9 10 11 8 8 8 9 13 9 10 10 11 12 9 10 11 12
8 8 8 9 13 9 10 10 11 12 9 10 11 12 0 1 2 3 3 4 5 6 7 7 8 9 10 11
-63.804538310000005
cd-3813-a
H H H H H H H H C C C O Cd
0 1 2 3 4 5 6 7 8 9 9 11 8 8 8 10 10 10 9 11 9 10 11 12
8 8 8 10 10 10 9 11 9 10 11 12 0 1 2 3 4 5 6 7 8 9 9 11
-63.975925069999995
cd-4601-a
H H H H H H C C C C Cd
0 1 2 3 4 5 6 7 7 8 8 6 6 6 9 9 9 7 8 10 9 10
6 6 6 9 9 9 7 8 10 9 10 0 1 2 3 4 5 6 7 7 8 8
-56.94842248
cd-4602-a
H H H H H H C C C C Cd
0 1 2 3 4 5 6 6 7 8 8 8 9 9 9 6 7 10 8 9
8 8 9 9 9 6 7 10 8 9 0 1 2 3 4 5 6 6 7 8
-56.65832577
cd-4801-a
H H H H H H H H C C C C Cd
0 1 2 3 4 5 6 7 8 9 9 10 10 10 11 11 11 8 8 9 9 10 12 11
10 10 11 11 11 8 8 9 9 10 12 11 0 1 2 3 4 5 6 7 8 9 9 10
-65.53795717
cd-4802-a
H H H H H H H H C C C C Cd
0 1 2 3 4 5 6 7 8 9 9 10 10 8 8 8 9 10 11 11 11 9 10 12 11 12
8 8 8 9 10 11 11 11 9 10 12 11 12 0 1 2 3 4 5 6 7 8 9 9 10 10
-65.70170915
cd-4803-a
H H H H H H H H C C C C Cd
0 1 2 3 4 5 6 7 8 9 9 10 8 8 8 9 10 11 11 11 9 10 12 11
8 8 8 9 10 11 11 11 9 10 12 11 0 1 2 3 4 5 6 7 8 9 9 10
-65.71388304999999
cd-4804-a
H H H H H H H H C C C C Cd
0 1 2 3 4 5 6 7 8 9 9 9 11 8 8 8 10 10 10 11 11 9 10 11 12 12
8 8 8 10 10 10 11 11 9 10 11 12 12 0 1 2 3 4 5 6 7 8 9 9 9 11
-65.78563595
cd-4811-a
H H H H H H H H C C C C O
0 1 2 3 4 5 6 7 8 9 10 10 8 8 8 9 9 11 11 11 9 10 11 12
8 8 8 9 9 11 11 11 9 10 11 12 0 1 2 3 4 5 6 7 8 9 10 10
-72.88170424
cd-4811-b
H H H H H H H H C C C C O Cd
0 1 2 3 4 5 6 7 8 9 10 10 12 8 8 8 9 9 11 11 11 9 10 11 12 13
8 8 8 9 9 11 11 11 9 10 11 12 13 0 1 2 3 4 5 6 7 8 9 10 10 12
-72.86457154000001
cd-4a01-a
H H H H H H H H H H C C C C
0 1 2 3 4 5 6 7 8 9 10 11 12 10 10 10 11 11 12 12 13 13 13 11 12 13
10 10 10 11 11 12 12 13 13 13 11 12 13 0 1 2 3 4 5 6 7 8 9 10 11 12
-73.98594605
cd-4a02-a
H H H H H H H H H H C C C C
0 1 2 3 4 5 6 7 8 9 10 11 11 10 10 10 12 12 12 11 13 13 13 11 12 13
10 10 10 12 12 12 11 13 13 13 11 12 13 0 1 2 3 4 5 6 7 8 9 10 11 11
-74.00466315
cd-4a11-a
H H H H H H H H H H C C C C O Cd
0 1 2 3 4 5 6 7 8 9 10 11 12 13 14 10 10 10 11 11 12 12 13 13 14 11 12 13 14 15
10 10 10 11 11 12 12 13 13 14 11 12 13 14 15 0 1 2 3 4 5 6 7 8 9 10 11 12 13 14
-80.43239273
cd-4a12-a
H H H H H H H H H H C C C C O Cd
0 1 2 3 4 5 6 7 8 9 10 11 11 12 14 10 10 10 12 12 14 11 13 13 13 11 12 14 13 15
10 10 10 12 12 14 11 13 13 13 11 12 14 13 15 0 1 2 3 4 5 6 7 8 9 10 11 11 12 14
-80.60877393000001
cd-4a13-a
H H H H H H H H H H C C C C O Cd Cd
0 1 2 3 3 4 5 6 7 8 9 10 11 11 12 14 10 10 10 12 16 12 13 13 13 11 14 11 12 14 13 15
10 10 10 12 16 12 13 13 13 11 14 11 12 14 13 15 0 1 2 3 3 4 5 6 7 8 9 10 11 11 12 14
-80.5686953
cd-4a14-a
H H H H H H H H H H C C C C O Cd
0 1 2 3 4 5 6 7 8 9 10 11 11 11 14 10 10 10 12 12 12 13 13 13 14 11 12 13 14 15
10 10 10 12 12 12 13 13 13 14 11 12 13 14 15 0 1 2 3 4 5 6 7 8 9 10 11 11 11 14
-80.69352938
co-1211-a
H H C O Co Co Co Co Co Co
0 0 0 1 1 1 1 2 2 2 2 2 2 3 3 3 2 6 7 2 6 7 8 3 5 6 7 8 9 4 8 9
2 6 7 2 6 7 8 3 5 6 7 8 9 4 8 9 0 0 0 1 1 1 1 2 2 2 2 2 2 3 3 3
-23.10946670000004
co-2201-a
H H C C Co Co Co Co Co Co Co Co
0 0 0 0 1 1 1 1 2 2 2 2 2 2 3 3 3 3 3 2 7 8 10 3 8 10 11 3 5 7 8 9 10 4 6 8 10 11
2 7 8 10 3 8 10 11 3 5 7 8 9 10 4 6 8 10 11 0 0 0 0 1 1 1 1 2 2 2 2 2 2 3 3 3 3 3
-25.876977119999992
co-2401-a
H H H H C C Co Co Co Co Co
0 0 0 1 1 1 2 2 2 2 3 3 3 4 4 4 4 4 5 5 5 4 6 9 4 9 10 5 7 8 9 5 7 8 5 6 8 9 10 7 8 9
4 6 9 4 9 10 5 7 8 9 5 7 8 5 6 8 9 10 7 8 9 0 0 0 1 1 1 2 2 2 2 3 3 3 4 4 4 4 4 5 5 5
-33.119477210000014
co-2411-a
H H H H C C O Co Co Co Co Co Co Co
0 0 1 2 2 3 3 3 3 3 4 4 5 5 5 5 5 6 6 6 4 12 4 4 10 5 8 9 11 13 5 10 6 10 11 12 13 7 12 13
4 12 4 4 10 5 8 9 11 13 5 10 6 10 11 12 13 7 12 13 0 0 1 2 2 3 3 3 3 3 4 4 5 5 5 5 5 6 6 6
-40.05112221000002
co-2601-a
H H H H H H C C Co Co Co Co
0 1 2 2 2 3 4 4 5 5 6 6 6 6 8 9 7 7 10 7 11 7
6 6 6 8 9 7 7 10 7 11 7 0 1 2 2 2 3 4 4 5 5 6
-40.68740792
co-2611-a
H H H H H H C C O Co Co
0 1 2 2 3 4 5 5 6 7 6 6 6 10 7 7 7 9 8 8
6 6 6 10 7 7 7 9 8 8 0 1 2 2 3 4 5 5 6 7
-46.69833325000002
co-2612-a
H H H H H H C C O Co Co Co Co Co Co Co
0 0 1 2 3 4 4 4 5 5 5 6 7 8 8 8 8 6 12 6 6 7 7 14 15 8 9 13 7 8 10 11 13 15
6 12 6 6 7 7 14 15 8 9 13 7 8 10 11 13 15 0 0 1 2 3 4 4 4 5 5 5 6 7 8 8 8 8
-47.47327736
co-3401-a
H H H H C C C Co Co Co Co Co Co Co Co
0 1 1 2 2 3 3 3 3 4 4 4 4 4 4 5 5 5 5 5 5 6 6 6 12 6 12 4 9 13 14 5 7 8 9 13 14 6 10 11 12 13 14 12
6 6 12 6 12 4 9 13 14 5 7 8 9 13 14 6 10 11 12 13 14 12 0 1 1 2 2 3 3 3 3 4 4 4 4 4 4 5 5 5 5 5 5 6
-42.582753249999996
co-3601-a
H H H H H H C C C Co Co Co Co Co Co
0 1 1 2 2 3 3 3 4 4 4 4 5 5 5 6 6 6 6 6 7 7 7 7 8 8 8 8 10 8 12 6 11 13 6 11 12 13 7 10 14 7 11 12 13 14 8 10 12 14 9 12
8 8 10 8 12 6 11 13 6 11 12 13 7 10 14 7 11 12 13 14 8 10 12 14 9 12 0 1 1 2 2 3 3 3 4 4 4 4 5 5 5 6 6 6 6 6 7 7 7 7 8 8
-49.77091161000004
co-3611-a
H H H H H H C C C O Co Co Co Co Co
0 1 1 2 2 3 3 3 4 5 5 5 6 7 7 6 6 11 6 13 8 10 12 8 8 12 14 7 8 9
6 6 11 6 13 8 10 12 8 8 12 14 7 8 9 0 1 1 2 2 3 3 3 4 5 5 5 6 7 7
-56.213055499999996
co-3611-b
H H H H H H C C C O Co Co Co Co Co
0 1 2 3 4 4 5 6 7 7 7 9 9 9 9 6 6 6 8 8 14 8 7 8 9 13 10 11 12 13
6 6 6 8 8 14 8 7 8 9 13 10 11 12 13 0 1 2 3 4 4 5 6 7 7 7 9 9 9 9
-56.56684991000003
co-3801-a
H H H H H H H H C C C Co Co Co
0 0 1 2 3 4 4 5 6 7 7 8 9 8 11 8 8 9 9 13 10 10 10 12 9 10
8 11 8 8 9 9 13 10 10 10 12 9 10 0 0 1 2 3 4 4 5 6 7 7 8 9
-57.39920226000004
co-3811-a
H H H H H H H H C C C O Co Co Co Co Co
0 1 2 2 3 4 4 5 5 6 7 7 8 9 10 10 11 8 8 8 13 9 9 15 10 12 10 10 16 9 11 11 14 14
8 8 8 13 9 9 15 10 12 10 10 16 9 11 11 14 14 0 1 2 2 3 4 4 5 5 6 7 7 8 9 10 10 11
-63.637376270000004
co-3812-a
H H H H H H H H C C C O Co Co Co Co Co Co
0 1 2 3 3 4 5 6 6 7 7 7 8 9 10 11 11 11 11 8 8 8 9 14 9 10 10 15 11 16 17 9 10 11 12 13 16 17
8 8 8 9 14 9 10 10 15 11 16 17 9 10 11 12 13 16 17 0 1 2 3 3 4 5 6 6 7 7 7 8 9 10 11 11 11 11
-64.12778808000002
co-3813-a
H H H H H H H H C C C O Co Co Co Co Co Co
0 1 2 2 3 4 5 5 6 7 7 7 7 8 9 9 11 11 11 11 8 8 8 17 10 10 10 15 9 11 12 13 16 9 10 11 12 13 14 16
8 8 8 17 10 10 10 15 9 11 12 13 16 9 10 11 12 13 14 16 0 1 2 2 3 4 5 5 6 7 7 7 7 8 9 9 11 11 11 11
-64.24990206000001
co-4601-a
H H H H H H C C C C Co Co Co Co Co Co Co Co
0 1 1 2 3 4 4 5 6 7 7 7 7 7 7 8 8 8 8 8 8 6 6 13 6 9 9 17 9 7 8 11 13 14 15 16 9 10 12 14 16 17
6 6 13 6 9 9 17 9 7 8 11 13 14 15 16 9 10 12 14 16 17 0 1 1 2 3 4 4 5 6 7 7 7 7 7 7 8 8 8 8 8 8
-59.32084643000002
co-4602-a
H H H H H H C C C C Co Co Co Co Co Co Co Co
0 1 1 2 3 4 4 4 4 5 5 5 5 6 6 6 6 6 6 7 7 7 7 7 7 8 8 9 8 8 17 9 9 9 12 15 17 6 13 14 16 7 11 13 14 15 16 8 10 12 14 16 17 9 17 17
8 8 17 9 9 9 12 15 17 6 13 14 16 7 11 13 14 15 16 8 10 12 14 16 17 9 17 17 0 1 1 2 3 4 4 4 4 5 5 5 5 6 6 6 6 6 6 7 7 7 7 7 7 8 8 9
-59.19990605999999
co-4801-a
H H H H H H H H C C C C Co Co Co Co Co Co Co Co
0 0 1 2 2 2 3 4 5 5 5 5 6 6 6 7 7 7 7 8 8 8 8 8 8 9 9 9 9 10 10 10 15 10 11 14 16 11 11 8 12 17 18 8 17 18 9 13 18 19 9 12 13 15 17 18 10 16 18 19 11 16
10 15 10 11 14 16 11 11 8 12 17 18 8 17 18 9 13 18 19 9 12 13 15 17 18 10 16 18 19 11 16 0 0 1 2 2 2 3 4 5 5 5 5 6 6 6 7 7 7 7 8 8 8 8 8 8 9 9 9 9 10 10
-66.50903532000001
co-4802-a
H H H H H H H H C C C C Co Co Co Co Co Co Co
0 1 1 2 2 3 3 3 4 4 4 4 5 5 6 6 6 7 8 8 9 9 9 9 10 10 10 10 11 8 8 15 8 17 9 12 16 10 13 14 16 11 18 11 14 18 11 9 15 10 12 15 16 11 14 16 18 18
8 8 15 8 17 9 12 16 10 13 14 16 11 18 11 14 18 11 9 15 10 12 15 16 11 14 16 18 18 0 1 1 2 2 3 3 3 4 4 4 4 5 5 6 6 6 7 8 8 9 9 9 9 10 10 10 10 11
-66.33417648
co-4803-a
H H H H H H H H C C C C Co Co Co Co Co Co Co Co Co
0 0 0 1 2 2 3 3 3 4 4 4 5 5 6 6 6 7 8 8 8 9 9 9 9 9 10 10 10 10 10 11 11 8 12 16 8 8 13 9 17 19 10 14 17 11 20 11 15 18 11 9 13 16 10 13 16 17 19 11 14 15 17 20 15 20
8 12 16 8 8 13 9 17 19 10 14 17 11 20 11 15 18 11 9 13 16 10 13 16 17 19 11 14 15 17 20 15 20 0 0 0 1 2 2 3 3 3 4 4 4 5 5 6 6 6 7 8 8 8 9 9 9 9 9 10 10 10 10 10 11 11
-66.30766990000001
co-4804-a
H H H H H H H H C C C C Co Co Co Co Co Co Co
0 1 1 2 2 3 3 4 5 5 6 6 6 7 7 7 7 8 8 8 9 9 9 9 9 10 10 11 11 11 11 11 8 8 12 8 15 10 13 10 10 14 11 17 18 11 16 17 18 9 12 16 10 11 12 13 16 13 16 14 15 16 17 18
8 8 12 8 15 10 13 10 10 14 11 17 18 11 16 17 18 9 12 16 10 11 12 13 16 13 16 14 15 16 17 18 0 1 1 2 2 3 3 4 5 5 6 6 6 7 7 7 7 8 8 8 9 9 9 9 9 10 10 11 11 11 11 11
-66.60849157000001
co-4811-a
H H H H H H H H C C C C O Co Co Co
0 1 2 3 3 4 4 4 5 6 7 7 8 9 10 10 8 8 8 9 15 9 13 15 11 11 11 14 9 10 11 12
8 8 8 9 15 9 13 15 11 11 11 14 9 10 11 12 0 1 2 3 3 4 4 4 5 6 7 7 8 9 10 10
-72.90565730000003
co-4811-b
H H H H H H H H C C C C O Co Co Co Co Co Co
0 1 2 3 4 5 6 7 7 8 9 10 10 12 12 12 12 12 8 8 8 9 9 11 11 11 14 9 10 11 12 13 15 16 17 18
8 8 8 9 9 11 11 11 14 9 10 11 12 13 15 16 17 18 0 1 2 3 4 5 6 7 7 8 9 10 10 12 12 12 12 12
-73.25114521
co-4a01-a
H H H H H H H H H H C C C C Co Co Co Co
0 1 2 2 3 3 4 5 6 6 7 8 9 9 10 11 12 10 10 10 14 11 15 11 12 12 16 13 13 13 17 11 12 13
10 10 10 14 11 15 11 12 12 16 13 13 13 17 11 12 13 0 1 2 2 3 3 4 5 6 6 7 8 9 9 10 11 12
-74.10932860000003
co-4a02-a
H H H H H H H H H H C C C C Co Co Co Co Co
0 1 1 2 3 3 3 4 5 6 7 8 9 9 9 10 11 11 10 10 17 10 12 15 18 12 12 11 13 13 13 14 16 11 12 13
10 10 17 10 12 15 18 12 12 11 13 13 13 14 16 11 12 13 0 1 1 2 3 3 3 4 5 6 7 8 9 9 9 10 11 11
-74.07434560000002
co-4a11-a
H H H H H H H H H H C C C C O Co Co Co Co Co Co Co
0 1 1 2 3 4 5 5 5 5 6 7 8 9 9 9 9 10 11 12 13 14 14 14 10 10 20 10 11 11 12 19 20 21 12 13 13 14 15 16 17 11 12 13 14 15 17 18
10 10 20 10 11 11 12 19 20 21 12 13 13 14 15 16 17 11 12 13 14 15 17 18 0 1 1 2 3 4 5 5 5 5 6 7 8 9 9 9 9 10 11 12 13 14 14 14
-80.78396199000002
co-4a12-a
H H H H H H H H H H C C C C O Co Co Co Co Co Co Co Co
0 1 2 2 2 3 4 4 4 4 5 5 5 5 6 7 8 9 9 10 11 11 12 14 14 14 10 10 10 20 21 12 12 19 21 22 14 15 16 18 11 13 13 13 16 11 12 14 13 15 17 18
10 10 10 20 21 12 12 19 21 22 14 15 16 18 11 13 13 13 16 11 12 14 13 15 17 18 0 1 2 2 2 3 4 4 4 4 5 5 5 5 6 7 8 9 9 10 11 11 12 14 14 14
-80.93205879000004
co-4a13-a
H H H H H H H H H H C C C C O Co Co Co Co Co Co Co
0 1 2 2 3 3 4 5 5 6 7 8 9 9 9 9 10 11 11 12 14 14 14 10 10 10 17 12 18 12 13 21 13 13 11 14 15 19 20 11 12 14 13 15 16 20
10 10 10 17 12 18 12 13 21 13 13 11 14 15 19 20 11 12 14 13 15 16 20 0 1 2 2 3 3 4 5 5 6 7 8 9 9 9 9 10 11 11 12 14 14 14
-80.94747498000004
co-4a14-a
H H H H H H H H H H C C C C O Co Co Co Co Co Co
0 1 2 3 4 5 5 5 6 7 8 9 9 9 9 10 11 11 11 14 14 14 10 10 10 12 12 12 17 18 13 13 13 14 15 16 19 11 12 13 14 16 19 20
10 10 10 12 12 12 17 18 13 13 13 14 15 16 19 11 12 13 14 16 19 20 0 1 2 3 4 5 5 5 6 7 8 9 9 9 9 10 11 11 11 14 14 14
-81.01033368000003
cu-1211-a
H H C O Cu Cu Cu
0 0 1 1 2 2 2 2 3 3 3 2 5 2 5 3 4 5 6 4 5 6
2 5 2 5 3 4 5 6 4 5 6 0 0 1 1 2 2 2 2 3 3 3
-22.526410269999985
cu-2201-a
H H C C Cu Cu Cu Cu
0 0 1 1 2 2 2 2 3 3 3 2 4 3 7 3 4 5 6 5 6 7
2 4 3 7 3 4 5 6 5 6 7 0 0 1 1 2 2 2 2 3 3 3
-24.592108919999987
cu-2401-a
H H H H C C Cu Cu Cu Cu Cu
0 0 0 1 1 1 2 2 2 3 3 3 4 4 4 5 5 4 8 9 4 9 10 5 6 9 5 7 9 5 8 9 7 9
4 8 9 4 9 10 5 6 9 5 7 9 5 8 9 7 9 0 0 0 1 1 1 2 2 2 3 3 3 4 4 4 5 5
-32.53789828999999
cu-2411-a
H H H H C C O Cu Cu Cu Cu
0 0 1 2 3 3 4 4 5 5 5 5 6 6 6 4 10 4 4 5 9 5 9 6 7 8 9 7 8 9
4 10 4 4 5 9 5 9 6 7 8 9 7 8 9 0 0 1 2 3 3 4 4 5 5 5 5 6 6 6
-39.360902659999994
cu-2601-a
H H H H H H C C Cu
0 1 2 2 3 4 5 6 6 6 6 8 7 7 7 7
6 6 6 8 7 7 7 7 0 1 2 2 3 4 5 6
-40.73300338999999
cu-2611-a
H H H H H H C C O
0 1 2 3 4 5 6 7 6 6 6 7 7 7 8 8
6 6 6 7 7 7 8 8 0 1 2 3 4 5 6 7
-46.68543708999999
cu-2612-a
H H H H H H C C O Cu Cu
0 0 1 2 3 4 5 5 6 7 8 6 9 6 6 7 7 8 10 7 8 10
6 9 6 6 7 7 8 10 7 8 10 0 0 1 2 3 4 5 5 6 7 8
-47.418875240000006
cu-3401-a
H H H H C C C Cu Cu Cu Cu
0 1 2 3 3 4 4 4 4 5 5 5 5 6 6 6 6 4 7 5 7 8 10 6 8 9 10 9
6 6 6 4 7 5 7 8 10 6 8 9 10 9 0 1 2 3 3 4 4 4 4 5 5 5 5 6
-41.30925245
cu-3601-a
H H H H H H C C C Cu Cu Cu Cu Cu
0 1 2 2 3 3 3 4 4 4 5 5 5 6 6 6 6 7 7 7 8 8 8 8 10 6 11 12 6 9 12 7 12 13 7 9 11 12 8 12 13 10
8 8 8 10 6 11 12 6 9 12 7 12 13 7 9 11 12 8 12 13 10 0 1 2 2 3 3 3 4 4 4 5 5 5 6 6 6 6 7 7 7 8
-49.24384735999999
cu-3611-a
H H H H H H C C C O
0 1 2 3 4 5 6 7 7 6 6 6 8 8 8 7 8 9
6 6 6 8 8 8 7 8 9 0 1 2 3 4 5 6 7 7
-56.24304817999999
cu-3611-b
H H H H H H C C C O Cu Cu Cu
0 1 2 3 4 4 5 5 6 7 7 9 6 6 6 8 8 12 8 10 7 8 9 11
6 6 6 8 8 12 8 10 7 8 9 11 0 1 2 3 4 4 5 5 6 7 7 9
-56.466778809999994
cu-3801-a
H H H H H H H H C C C Cu
0 1 2 3 4 4 5 6 7 8 9 8 8 8 9 9 11 10 10 10 9 10
8 8 8 9 9 11 10 10 10 9 10 0 1 2 3 4 4 5 6 7 8 9
-57.41581771
cu-3811-a
H H H H H H H H C C C O Cu Cu Cu
0 1 2 2 3 4 5 5 6 7 8 9 10 11 8 8 8 14 9 9 10 12 10 10 9 11 11 13
8 8 8 14 9 9 10 12 10 10 9 11 11 13 0 1 2 2 3 4 5 5 6 7 8 9 10 11
-63.56430205000001
cu-3812-a
H H H H H H H H C C C O Cu Cu
0 1 2 3 3 4 5 6 7 7 8 9 10 11 8 8 8 9 13 9 10 10 11 12 9 10 11 12
8 8 8 9 13 9 10 10 11 12 9 10 11 12 0 1 2 3 3 4 5 6 7 7 8 9 10 11
-64.06096492999998
cu-3813-a
H H H H H H H H C C C O Cu Cu Cu Cu
0 1 2 2 3 4 5 5 6 7 7 7 8 9 9 11 8 8 8 13 10 10 10 15 9 11 12 14 9 10 11 14
8 8 8 13 10 10 10 15 9 11 12 14 9 10 11 14 0 1 2 2 3 4 5 5 6 7 7 7 8 9 9 11
-64.19125985
cu-4601-a
H H H H H H C C C C Cu Cu Cu Cu
0 1 2 2 3 4 4 5 6 6 7 7 7 8 8 8 8 9 6 6 6 13 9 9 10 9 7 13 8 12 13 9 10 11 12 10
6 6 6 13 9 9 10 9 7 13 8 12 13 9 10 11 12 10 0 1 2 2 3 4 4 5 6 6 7 7 7 8 8 8 8 9
-57.14295873999998
cu-4602-a
H H H H H H C C C C Cu Cu Cu Cu
0 1 1 2 3 4 5 5 6 6 6 6 7 7 7 7 8 8 8 8 11 9 9 9 6 13 7 10 12 13 8 10 11 12 9 11
8 8 11 9 9 9 6 13 7 10 12 13 8 10 11 12 9 11 0 1 1 2 3 4 5 5 6 6 6 6 7 7 7 7 8 8
-57.981546820000005
cu-4801-a
H H H H H H H H C C C C Cu Cu Cu Cu Cu Cu
0 0 1 2 2 3 4 5 5 5 5 6 6 7 7 7 8 8 8 9 9 10 10 13 10 11 17 11 11 8 12 14 16 8 16 9 15 16 9 12 16 10 16 11
10 13 10 11 17 11 11 8 12 14 16 8 16 9 15 16 9 12 16 10 16 11 0 0 1 2 2 3 4 5 5 5 5 6 6 7 7 7 8 8 8 9 9 10
-65.82364338
cu-4802-a
H H H H H H H H C C C C Cu Cu Cu Cu Cu
0 1 1 2 3 3 3 4 4 4 5 6 6 7 8 8 9 9 9 10 10 11 8 8 14 8 9 12 15 10 13 15 11 11 16 11 9 14 10 12 15 11 15 16
8 8 14 8 9 12 15 10 13 15 11 11 16 11 9 14 10 12 15 11 15 16 0 1 1 2 3 3 3 4 4 4 5 6 6 7 8 8 9 9 9 10 10 11
-65.94713218999999
cu-4803-a
H H H H H H H H C C C C Cu Cu Cu Cu Cu
0 0 1 2 2 3 4 5 5 6 6 7 8 8 8 9 9 10 10 11 11 8 12 8 8 13 9 10 11 14 11 16 11 9 12 15 10 15 11 15 15 16
8 12 8 8 13 9 10 11 14 11 16 11 9 12 15 10 15 11 15 15 16 0 0 1 2 2 3 4 5 5 6 6 7 8 8 8 9 9 10 10 11 11
-65.87169080999999
cu-4804-a
H H H H H H H H C C C C Cu Cu Cu
0 1 2 3 4 5 6 6 7 7 7 8 9 9 9 11 11 8 8 8 10 10 10 11 13 11 13 14 9 10 11 13 12 13
8 8 8 10 10 10 11 13 11 13 14 9 10 11 13 12 13 0 1 2 3 4 5 6 6 7 7 7 8 9 9 9 11 11
-66.01146778
cu-4811-a
H H H H H H H H C C C C O Cu Cu
0 1 2 3 3 3 4 5 6 7 8 9 10 10 8 8 8 9 13 14 9 11 11 11 9 10 11 12
8 8 8 9 13 14 9 11 11 11 9 10 11 12 0 1 2 3 3 3 4 5 6 7 8 9 10 10
-72.92045529999999
cu-4811-b
H H H H H H H H C C C C O Cu Cu Cu
0 1 2 3 4 5 6 6 7 7 8 9 10 10 12 8 8 8 9 9 11 11 15 11 13 9 10 11 12 14
8 8 8 9 9 11 11 15 11 13 9 10 11 12 14 0 1 2 3 4 5 6 6 7 7 8 9 10 10 12
-73.12999273
cu-4a01-a
H H H H H H H H H H C C C C Cu Cu Cu
0 1 2 2 3 3 4 5 6 7 8 9 9 10 11 12 10 10 10 15 11 16 11 12 12 13 13 13 14 11 12 13
10 10 10 15 11 16 11 12 12 13 13 13 14 11 12 13 0 1 2 2 3 3 4 5 6 7 8 9 9 10 11 12
-74.09300056000001
cu-4a02-a
H H H H H H H H H H C C C C Cu Cu Cu
0 1 2 3 3 4 5 6 7 8 9 9 9 10 11 11 10 10 10 12 16 12 12 11 13 13 13 14 15 11 12 13
10 10 10 12 16 12 12 11 13 13 13 14 15 11 12 13 0 1 2 3 3 4 5 6 7 8 9 9 9 10 11 11
-74.09382693999999
cu-4a11-a
H H H H H H H H H H C C C C O Cu Cu
0 1 2 3 4 5 5 6 7 8 9 9 10 11 12 13 14 10 10 10 11 11 12 15 12 13 13 14 16 11 12 13 14 16
10 10 10 11 11 12 15 12 13 13 14 16 11 12 13 14 16 0 1 2 3 4 5 5 6 7 8 9 9 10 11 12 13 14
-80.71648287
cu-4a12-a
H H H H H H H H H H C C C C O Cu Cu Cu Cu
0 1 2 2 3 4 4 5 5 6 7 8 9 10 11 11 12 14 14 10 10 10 16 12 12 17 14 15 11 13 13 13 11 12 14 13 17 18
10 10 10 16 12 12 17 14 15 11 13 13 13 11 12 14 13 17 18 0 1 2 2 3 4 4 5 5 6 7 8 9 10 11 11 12 14 14
-80.77173156
cu-4a13-a
H H H H H H H H H H C C C C O Cu Cu Cu Cu
0 1 2 2 3 3 4 5 6 7 8 9 9 9 10 11 11 12 14 10 10 10 15 12 17 12 13 13 13 11 14 16 18 11 12 14 13 18
10 10 10 15 12 17 12 13 13 13 11 14 16 18 11 12 14 13 18 0 1 2 2 3 3 4 5 6 7 8 9 9 9 10 11 11 12 14
-80.86857307
cu-4a14-a
H H H H H H H H H H C C C C O Cu Cu Cu
0 1 2 3 4 5 5 6 7 8 9 9 9 10 11 11 11 14 10 10 10 12 12 12 15 13 13 13 14 16 17 11 12 13 14 17
10 10 10 12 12 12 15 13 13 13 14 16 17 11 12 13 14 17 0 1 2 3 4 5 5 6 7 8 9 9 9 10 11 11 11 14
-80.91897893000001
fe-1211-a
H H C O Fe Fe Fe Fe Fe Fe
0 0 0 0 1 1 1 1 2 2 2 2 2 3 3 3 3 2 5 6 9 2 5 8 9 3 5 6 8 9 4 5 7 8
2 5 6 9 2 5 8 9 3 5 6 8 9 4 5 7 8 0 0 0 0 1 1 1 1 2 2 2 2 2 3 3 3 3
-23.860652999999957
fe-2201-a
H H C C Fe Fe Fe Fe Fe Fe Fe Fe
0 0 0 0 1 1 1 1 2 2 2 2 2 2 3 3 3 3 3 2 6 10 11 3 6 8 11 3 6 7 9 10 11 4 5 6 8 11
2 6 10 11 3 6 8 11 3 6 7 9 10 11 4 5 6 8 11 0 0 0 0 1 1 1 1 2 2 2 2 2 2 3 3 3 3 3
-26.39064678999995
fe-2401-a
H H H H C C Fe Fe Fe Fe Fe Fe
0 0 0 0 1 1 1 2 2 2 2 3 3 3 4 4 4 4 4 5 5 5 5 4 7 10 11 4 7 8 5 6 9 11 5 6 8 5 7 8 10 11 6 8 9 11
4 7 10 11 4 7 8 5 6 9 11 5 6 8 5 7 8 10 11 6 8 9 11 0 0 0 0 1 1 1 2 2 2 2 3 3 3 4 4 4 4 4 5 5 5 5
-33.38700774
fe-2411-a
H H H H C C O Fe Fe Fe Fe Fe Fe
0 0 0 1 2 3 3 3 3 4 4 5 5 5 5 5 6 6 6 6 4 9 12 4 4 5 8 9 10 5 12 6 8 9 10 12 7 8 9 11
4 9 12 4 4 5 8 9 10 5 12 6 8 9 10 12 7 8 9 11 0 0 0 1 2 3 3 3 3 4 4 5 5 5 5 5 6 6 6 6
-40.401090299999964
fe-2601-a
H H H H H H C C Fe Fe Fe
0 1 2 2 3 4 4 5 5 5 6 6 6 6 10 7 7 9 7 8 9 7
6 6 6 10 7 7 9 7 8 9 7 0 1 2 2 3 4 4 5 5 5 6
-40.68944257999999
fe-2611-a
H H H H H H C C O Fe Fe Fe Fe
0 0 0 0 1 2 3 4 4 5 6 7 6 10 11 12 6 6 7 7 9 7 8 8
6 10 11 12 6 6 7 7 9 7 8 8 0 0 0 0 1 2 3 4 4 5 6 7
-46.67829268999998
fe-2612-a
H H H H H H C C O Fe Fe Fe Fe Fe Fe
0 0 1 2 3 4 4 5 5 5 6 7 8 8 8 8 6 14 6 6 7 7 11 8 10 13 7 8 9 10 12 13
6 14 6 6 7 7 11 8 10 13 7 8 9 10 12 13 0 0 1 2 3 4 4 5 5 5 6 7 8 8 8 8
-47.49268221999995
fe-3401-a
H H H H C C C Fe Fe Fe Fe Fe Fe Fe
0 1 1 2 3 3 3 3 4 4 4 4 4 4 5 5 5 5 5 6 6 8 6 4 9 12 13 5 7 9 10 12 13 6 8 11 12 13
6 6 8 6 4 9 12 13 5 7 9 10 12 13 6 8 11 12 13 0 1 1 2 3 3 3 3 4 4 4 4 4 4 5 5 5 5 5
-43.071027939999965
fe-3601-a
H H H H H H C C C Fe Fe Fe Fe Fe Fe Fe
0 0 0 1 2 2 3 3 3 4 4 4 4 5 5 5 6 6 6 6 6 7 7 7 7 8 8 8 9 15 8 8 12 6 13 14 6 11 14 15 7 10 13 7 10 11 14 15 8 10 12 15 9 12
8 9 15 8 8 12 6 13 14 6 11 14 15 7 10 13 7 10 11 14 15 8 10 12 15 9 12 0 0 0 1 2 2 3 3 3 4 4 4 4 5 5 5 6 6 6 6 6 7 7 7 7 8 8
-50.056622430000004
fe-3611-a
H H H H H H C C C O Fe Fe Fe Fe
0 1 1 2 2 3 3 4 5 5 6 7 7 6 6 12 6 11 8 10 8 8 13 7 8 9
6 6 12 6 11 8 10 8 8 13 7 8 9 0 1 1 2 2 3 3 4 5 5 6 7 7
-56.17719434999998
fe-3611-b
H H H H H H C C C O Fe Fe Fe Fe
0 1 2 3 4 4 5 6 7 7 7 9 9 9 9 6 6 6 8 8 10 8 7 8 9 13 10 11 12 13
6 6 6 8 8 10 8 7 8 9 13 10 11 12 13 0 1 2 3 4 4 5 6 7 7 7 9 9 9 9
-56.800677699999994
fe-3801-a
H H H H H H H H C C C Fe Fe Fe Fe
0 1 1 2 3 4 4 5 6 7 7 7 8 9 8 8 13 8 9 9 14 10 10 10 11 12 9 10
8 8 13 8 9 9 14 10 10 10 11 12 9 10 0 1 1 2 3 4 4 5 6 7 7 7 8 9
-57.37979611999998
fe-3811-a
H H H H H H H H C C C O Fe Fe Fe Fe Fe Fe
0 1 2 2 2 3 4 4 5 5 6 7 7 8 9 10 10 11 11 8 8 8 14 16 9 9 13 10 12 10 10 15 9 11 11 17 13 17
8 8 8 14 16 9 9 13 10 12 10 10 15 9 11 11 17 13 17 0 1 2 2 2 3 4 4 5 5 6 7 7 8 9 10 10 11 11
-63.61755911999995
fe-3812-a
H H H H H H H H C C C O Fe Fe Fe Fe Fe Fe
0 1 2 3 3 4 5 6 7 7 7 7 8 9 10 11 11 11 8 8 8 9 15 9 10 10 11 12 14 17 9 10 11 13 16 17
8 8 8 9 15 9 10 10 11 12 14 17 9 10 11 13 16 17 0 1 2 3 3 4 5 6 7 7 7 7 8 9 10 11 11 11
-64.15397299
fe-3813-a
H H H H H H H H C C C O Fe Fe Fe Fe Fe Fe Fe
0 1 2 2 2 3 4 5 5 5 6 7 7 7 7 8 9 9 11 11 11 8 8 8 14 17 10 10 10 14 16 9 11 12 15 18 9 10 11 13 15 18
8 8 8 14 17 10 10 10 14 16 9 11 12 15 18 9 10 11 13 15 18 0 1 2 2 2 3 4 5 5 5 6 7 7 7 7 8 9 9 11 11 11
-64.30259791999998
fe-4601-a
H H H H H H C C C C Fe Fe Fe Fe Fe Fe Fe Fe
0 1 1 2 3 4 4 5 6 6 7 7 7 7 7 7 8 8 8 8 8 8 9 6 6 15 6 9 9 14 9 7 16 8 11 13 15 16 17 9 10 11 12 14 17 12
6 6 15 6 9 9 14 9 7 16 8 11 13 15 16 17 9 10 11 12 14 17 12 0 1 1 2 3 4 4 5 6 6 7 7 7 7 7 7 8 8 8 8 8 8 9
-59.75798182
fe-4602-a
H H H H H H C C C C Fe Fe Fe Fe Fe Fe Fe Fe
0 1 1 2 3 4 4 5 5 5 6 6 6 6 6 6 7 7 7 7 7 7 8 8 8 8 11 9 9 9 13 6 12 16 7 10 12 14 16 17 8 11 13 15 16 17 9 11
8 8 11 9 9 9 13 6 12 16 7 10 12 14 16 17 8 11 13 15 16 17 9 11 0 1 1 2 3 4 4 5 5 5 6 6 6 6 6 6 7 7 7 7 7 7 8 8
-59.74710145
fe-4801-a
H H H H H H H H C C C C Fe Fe Fe Fe Fe Fe
0 0 1 2 2 3 4 5 5 5 5 6 6 6 6 7 7 7 8 8 8 8 8 8 9 9 9 9 10 10 10 17 10 11 14 11 11 8 13 15 16 8 15 16 17 9 12 13 9 12 13 15 16 17 10 13 14 17 11 14
10 17 10 11 14 11 11 8 13 15 16 8 15 16 17 9 12 13 9 12 13 15 16 17 10 13 14 17 11 14 0 0 1 2 2 3 4 5 5 5 5 6 6 6 6 7 7 7 8 8 8 8 8 8 9 9 9 9 10 10
-66.63960686999997
fe-4802-a
H H H H H H H H C C C C Fe Fe Fe Fe Fe Fe Fe Fe
0 1 1 2 2 2 3 3 3 4 4 4 5 5 5 6 6 7 8 8 9 9 9 9 9 10 10 10 10 11 11 8 8 18 8 15 17 9 12 19 10 12 16 11 13 15 11 14 11 9 18 10 15 16 18 19 11 14 15 16 13 14
8 8 18 8 15 17 9 12 19 10 12 16 11 13 15 11 14 11 9 18 10 15 16 18 19 11 14 15 16 13 14 0 1 1 2 2 2 3 3 3 4 4 4 5 5 5 6 6 7 8 8 9 9 9 9 9 10 10 10 10 11 11
-66.71668282999997
fe-4803-a
H H H H H H H H C C C C Fe Fe Fe Fe Fe Fe Fe Fe Fe
0 0 1 2 2 2 2 3 3 3 3 4 4 5 5 5 6 6 7 8 8 9 9 9 9 10 10 10 10 10 10 11 11 11 8 20 8 8 12 17 20 9 15 18 19 10 16 11 13 15 11 14 11 9 20 10 15 19 20 11 13 14 15 16 20 13 14 15
8 20 8 8 12 17 20 9 15 18 19 10 16 11 13 15 11 14 11 9 20 10 15 19 20 11 13 14 15 16 20 13 14 15 0 0 1 2 2 2 2 3 3 3 3 4 4 5 5 5 6 6 7 8 8 9 9 9 9 10 10 10 10 10 10 11 11 11
-66.43976284999997
fe-4804-a
H H H H H H H H C C C C Fe Fe Fe Fe Fe Fe Fe Fe
0 1 1 2 2 2 3 3 4 5 5 6 6 6 6 7 7 7 7 8 8 9 9 9 9 9 10 11 11 11 11 8 8 16 8 14 16 10 12 10 10 15 11 13 17 18 11 13 17 18 9 16 10 11 12 16 19 12 13 17 18 19
8 8 16 8 14 16 10 12 10 10 15 11 13 17 18 11 13 17 18 9 16 10 11 12 16 19 12 13 17 18 19 0 1 1 2 2 2 3 3 4 5 5 6 6 6 6 7 7 7 7 8 8 9 9 9 9 9 10 11 11 11 11
-66.71921282
fe-4811-a
H H H H H H H H C C C C O Fe Fe Fe Fe
0 1 2 2 3 3 3 3 4 4 5 6 7 7 8 9 10 10 8 8 8 14 9 14 15 16 9 15 11 11 11 13 9 10 11 12
8 8 8 14 9 14 15 16 9 15 11 11 11 13 9 10 11 12 0 1 2 2 3 3 3 3 4 4 5 6 7 7 8 9 10 10
-72.90044903
fe-4811-b
H H H H H H H H C C C C O Fe Fe Fe Fe Fe
0 1 1 1 2 3 4 5 6 7 8 9 10 10 12 12 12 12 8 8 16 17 8 9 9 11 11 11 9 10 11 12 13 14 15 17
8 8 16 17 8 9 9 11 11 11 9 10 11 12 13 14 15 17 0 1 1 1 2 3 4 5 6 7 8 9 10 10 12 12 12 12
-73.45416683999997
fe-4a01-a
H H H H H H H H H H C C C C Fe Fe Fe Fe Fe Fe
0 1 2 2 2 3 3 4 5 6 6 7 8 9 9 9 10 11 12 10 10 10 17 18 11 19 11 12 12 15 13 13 13 14 16 11 12 13
10 10 10 17 18 11 19 11 12 12 15 13 13 13 14 16 11 12 13 0 1 2 2 2 3 3 4 5 6 6 7 8 9 9 9 10 11 12
-74.05320123999996
fe-4a02-a
H H H H H H H H H H C C C C Fe Fe Fe Fe Fe
0 1 1 1 1 2 3 3 3 4 5 6 7 8 9 9 9 10 11 11 10 10 15 17 18 10 12 15 16 12 12 11 13 13 13 14 18 11 12 13
10 10 15 17 18 10 12 15 16 12 12 11 13 13 13 14 18 11 12 13 0 1 1 1 1 2 3 3 3 4 5 6 7 8 9 9 9 10 11 11
-74.05981087999999
fe-4a11-a
H H H H H H H H H H C C C C O Fe Fe Fe Fe Fe Fe
0 1 1 2 3 4 5 5 5 6 7 8 9 9 9 9 10 11 12 13 14 14 10 10 19 10 11 11 12 17 20 12 13 13 14 15 16 18 11 12 13 14 15 18
10 10 19 10 11 11 12 17 20 12 13 13 14 15 16 18 11 12 13 14 15 18 0 1 1 2 3 4 5 5 5 6 7 8 9 9 9 9 10 11 12 13 14 14
-80.77949232999998
fe-4a12-a
H H H H H H H H H H C C C C O Fe Fe Fe Fe Fe Fe Fe
0 1 2 2 2 3 4 4 5 5 5 6 7 8 9 9 10 11 11 12 14 14 10 10 10 19 20 12 12 16 14 15 21 11 13 13 13 17 11 12 14 13 18 21
10 10 10 19 20 12 12 16 14 15 21 11 13 13 13 17 11 12 14 13 18 21 0 1 2 2 2 3 4 4 5 5 5 6 7 8 9 9 10 11 11 12 14 14
-80.95984097999997
fe-4a13-a
H H H H H H H H H H C C C C O Fe Fe Fe Fe Fe Fe Fe Fe
0 1 2 2 2 2 3 3 3 4 5 5 6 7 8 9 9 9 9 10 11 11 12 14 14 14 14 10 10 10 18 19 22 12 17 22 12 13 20 13 13 11 14 15 16 21 11 12 14 13 15 18 20 21
10 10 10 18 19 22 12 17 22 12 13 20 13 13 11 14 15 16 21 11 12 14 13 15 18 20 21 0 1 2 2 2 2 3 3 3 4 5 5 6 7 8 9 9 9 9 10 11 11 12 14 14 14 14
-80.95645643
fe-4a14-a
H H H H H H H H H H C C C C O Fe Fe Fe Fe Fe Fe
0 1 2 3 4 4 4 5 5 6 7 8 9 9 9 9 9 10 11 11 11 14 14 14 10 10 10 12 12 15 17 12 15 13 13 13 14 16 18 19 20 11 12 13 14 16 17 20
10 10 10 12 12 15 17 12 15 13 13 13 14 16 18 19 20 11 12 13 14 16 17 20 0 1 2 3 4 4 4 5 5 6 7 8 9 9 9 9 9 10 11 11 11 14 14 14
-81.02361804999998
ir-1211-a
H H C O Ir Ir Ir Ir
0 0 1 1 2 2 2 2 2 3 2 6 2 6 3 4 5 6 7 5
2 6 2 6 3 4 5 6 7 5 0 0 1 1 2 2 2 2 2 3
-23.08084907999995
ir-2201-a
H H C C Ir Ir Ir Ir Ir
0 1 2 2 2 2 3 3 3 2 3 3 4 6 7 5 7 8
2 3 3 4 6 7 5 7 8 0 1 2 2 2 2 3 3 3
-24.124520959999984
ir-2401-a
H H H H C C Ir Ir Ir Ir Ir
0 0 0 1 1 1 2 2 2 3 3 4 4 4 4 5 5 5 4 8 9 4 9 10 5 6 9 5 9 5 8 9 10 6 7 9
4 8 9 4 9 10 5 6 9 5 9 5 8 9 10 6 7 9 0 0 0 1 1 1 2 2 2 3 3 4 4 4 4 5 5 5
-33.20277219999997
ir-2411-a
H H H H C C O Ir Ir Ir Ir Ir
0 0 1 2 3 3 4 4 5 5 5 5 6 6 6 6 4 8 4 4 5 11 5 11 6 9 10 11 7 9 10 11
4 8 4 4 5 11 5 11 6 9 10 11 7 9 10 11 0 0 1 2 3 3 4 4 5 5 5 5 6 6 6 6
-39.905998599999975
ir-2601-a
H H H H H H C C Ir
0 1 2 2 3 4 5 6 6 6 6 8 7 7 7 7
6 6 6 8 7 7 7 7 0 1 2 2 3 4 5 6
-40.755571559999964
ir-2611-a
H H H H H H C C O
0 1 2 3 4 5 6 7 6 6 6 7 7 7 8 8
6 6 6 7 7 7 8 8 0 1 2 3 4 5 6 7
-46.69223529999999
ir-2612-a
H H H H H H C C O Ir Ir Ir
0 0 1 2 3 4 4 5 5 6 7 8 6 9 6 6 7 7 10 8 11 7 8 11
6 9 6 6 7 7 10 8 11 7 8 11 0 0 1 2 3 4 4 5 5 6 7 8
-47.58430702999999
ir-3401-a
H H H H C C C Ir Ir Ir Ir Ir
0 1 1 2 3 3 4 4 4 4 4 5 5 5 5 5 6 6 10 6 4 7 5 7 8 9 11 6 7 9 10 11
6 6 10 6 4 7 5 7 8 9 11 6 7 9 10 11 0 1 1 2 3 3 4 4 4 4 4 5 5 5 5 5
-42.68868881999998
ir-3601-a
H H H H H H C C C Ir Ir Ir Ir Ir
0 1 2 2 3 3 3 4 4 4 5 5 6 6 6 6 7 7 7 8 8 8 8 10 6 11 12 6 9 12 7 12 7 9 11 12 8 12 13 10
8 8 8 10 6 11 12 6 9 12 7 12 7 9 11 12 8 12 13 10 0 1 2 2 3 3 3 4 4 4 5 5 6 6 6 6 7 7 7 8
-49.90962261999999
ir-3611-a
H H H H H H C C C O
0 1 2 3 4 5 6 7 7 6 6 6 8 8 8 7 8 9
6 6 6 8 8 8 7 8 9 0 1 2 3 4 5 6 7 7
-56.28057474999997
ir-3611-b
H H H H H H C C C O Ir Ir Ir
0 1 2 3 4 4 5 5 6 7 7 9 6 6 6 8 8 12 8 10 7 8 9 11
6 6 6 8 8 12 8 10 7 8 9 11 0 1 2 3 4 4 5 5 6 7 7 9
-56.66826126999996
ir-3801-a
H H H H H H H H C C C Ir
0 1 2 3 4 4 5 6 7 8 9 8 8 8 9 9 11 10 10 10 9 10
8 8 8 9 9 11 10 10 10 9 10 0 1 2 3 4 4 5 6 7 8 9
-57.47462471
ir-3811-a
H H H H H H H H C C C O Ir Ir Ir
0 1 2 3 4 4 5 5 6 7 8 9 10 11 8 8 8 9 9 13 10 12 10 10 9 11 11 14
8 8 8 9 9 13 10 12 10 10 9 11 11 14 0 1 2 3 4 4 5 5 6 7 8 9 10 11
-63.72383327999995
ir-3812-a
H H H H H H H H C C C O Ir Ir
0 1 2 3 3 4 5 6 7 7 8 9 10 11 8 8 8 9 13 9 10 10 11 12 9 10 11 12
8 8 8 9 13 9 10 10 11 12 9 10 11 12 0 1 2 3 3 4 5 6 7 7 8 9 10 11
-64.22198494999998
ir-3813-a
H H H H H H H H C C C O Ir Ir Ir
0 1 2 2 3 4 5 5 6 7 7 8 9 9 11 8 8 8 12 10 10 10 14 9 11 13 9 10 11 13
8 8 8 12 10 10 10 14 9 11 13 9 10 11 13 0 1 2 2 3 4 5 5 6 7 7 8 9 9 11
-64.32360346999997
ir-4601-a
H H H H H H C C C C Ir Ir Ir Ir
0 1 2 3 4 4 5 6 6 7 7 7 8 8 8 8 9 6 6 6 9 9 10 9 7 13 8 12 13 9 10 11 12 10
6 6 6 9 9 10 9 7 13 8 12 13 9 10 11 12 10 0 1 2 3 4 4 5 6 6 7 7 7 8 8 8 8 9
-57.96573544
ir-4602-a
H H H H H H C C C C Ir Ir Ir Ir Ir Ir
0 1 2 3 3 4 4 5 5 5 6 6 6 6 6 7 7 7 7 7 8 8 8 9 9 11 9 15 6 12 14 7 10 12 13 14 8 12 13 14 15 9
8 8 9 9 11 9 15 6 12 14 7 10 12 13 14 8 12 13 14 15 9 0 1 2 3 3 4 4 5 5 5 6 6 6 6 6 7 7 7 7 7 8
-59.23536001999997
ir-4801-a
H H H H H H H H C C C C Ir Ir Ir Ir
0 0 1 2 2 3 4 5 5 6 6 7 7 8 8 8 9 9 9 10 10 13 10 11 12 11 11 8 14 8 14 9 14 9 14 15 10 12 14 11
10 13 10 11 12 11 11 8 14 8 14 9 14 9 14 15 10 12 14 11 0 0 1 2 2 3 4 5 5 6 6 7 7 8 8 8 9 9 9 10
-66.48853386999997
ir-4802-a
H H H H H H H H C C C C Ir Ir Ir Ir Ir
0 1 1 2 3 3 3 4 4 4 5 6 6 7 8 8 9 9 9 9 10 10 10 10 11 8 8 14 8 9 12 15 10 13 15 11 11 16 11 9 14 10 12 14 15 11 13 15 16 16
8 8 14 8 9 12 15 10 13 15 11 11 16 11 9 14 10 12 14 15 11 13 15 16 16 0 1 1 2 3 3 3 4 4 4 5 6 6 7 8 8 9 9 9 9 10 10 10 10 11
-66.58296987999995
ir-4803-a
H H H H H H H H C C C C Ir Ir Ir Ir Ir Ir Ir
0 0 1 2 2 3 3 3 4 4 4 5 5 6 6 7 8 8 9 9 9 9 10 10 10 10 11 8 12 8 8 13 9 15 17 10 14 17 11 16 11 18 11 9 12 10 12 15 17 11 14 17 18 18
8 12 8 8 13 9 15 17 10 14 17 11 16 11 18 11 9 12 10 12 15 17 11 14 17 18 18 0 0 1 2 2 3 3 3 4 4 4 5 5 6 6 7 8 8 9 9 9 9 10 10 10 10 11
-66.55609113999998
ir-4804-a
H H H H H H H H C C C C Ir Ir Ir Ir Ir Ir
0 1 2 2 3 4 5 5 6 6 7 7 7 8 8 9 9 9 9 10 11 11 8 8 8 12 10 10 10 14 11 16 11 16 17 9 12 10 11 13 16 14 15 16
8 8 8 12 10 10 10 14 11 16 11 16 17 9 12 10 11 13 16 14 15 16 0 1 2 2 3 4 5 5 6 6 7 7 7 8 8 9 9 9 9 10 11 11
-66.57700489999996
ir-4811-a
H H H H H H H H C C C C O Ir Ir
0 1 2 3 3 3 4 5 6 7 8 9 10 10 8 8 8 9 13 14 9 11 11 11 9 10 11 12
8 8 8 9 13 14 9 11 11 11 9 10 11 12 0 1 2 3 3 3 4 5 6 7 8 9 10 10
-72.94656714999996
ir-4811-b
H H H H H H H H C C C C O Ir Ir Ir
0 1 2 3 4 5 6 6 7 7 8 9 10 10 12 8 8 8 9 9 11 11 15 11 13 9 10 11 12 14
8 8 8 9 9 11 11 15 11 13 9 10 11 12 14 0 1 2 3 4 5 6 6 7 7 8 9 10 10 12
-73.33000002999995
ir-4a01-a
H H H H H H H H H H C C C C Ir Ir Ir
0 1 2 2 3 3 4 5 6 7 8 9 9 10 11 12 10 10 10 15 11 16 11 12 12 13 13 13 14 11 12 13
10 10 10 15 11 16 11 12 12 13 13 13 14 11 12 13 0 1 2 2 3 3 4 5 6 7 8 9 9 10 11 12
-74.11302178
ir-4a02-a
H H H H H H H H H H C C C C Ir Ir
0 1 2 3 3 4 5 6 7 8 9 9 10 11 11 10 10 10 12 15 12 12 11 13 13 13 14 11 12 13
10 10 10 12 15 12 12 11 13 13 13 14 11 12 13 0 1 2 3 3 4 5 6 7 8 9 9 10 11 11
-74.10501075999997
ir-4a11-a
H H H H H H H H H H C C C C O Ir Ir Ir
0 1 2 3 4 5 5 6 7 8 8 9 9 10 11 12 13 14 10 10 10 11 11 12 16 12 13 13 15 14 17 11 12 13 14 17
10 10 10 11 11 12 16 12 13 13 15 14 17 11 12 13 14 17 0 1 2 3 4 5 5 6 7 8 8 9 9 10 11 12 13 14
-80.90033741999997
ir-4a12-a
H H H H H H H H H H C C C C O Ir Ir Ir Ir Ir
0 1 2 2 3 4 4 5 5 5 5 6 7 8 9 9 10 11 11 12 14 10 10 10 18 12 12 19 14 15 16 17 11 13 13 13 17 11 12 14 13 15
10 10 10 18 12 12 19 14 15 16 17 11 13 13 13 17 11 12 14 13 15 0 1 2 2 3 4 4 5 5 5 5 6 7 8 9 9 10 11 11 12 14
-81.02155463999998
ir-4a13-a
H H H H H H H H H H C C C C O Ir Ir
0 1 2 3 3 4 5 6 7 8 9 10 11 11 12 14 10 10 10 12 16 12 13 13 13 11 14 11 12 14 13 15
10 10 10 12 16 12 13 13 13 11 14 11 12 14 13 15 0 1 2 3 3 4 5 6 7 8 9 10 11 11 12 14
-80.74614916999997
ir-4a14-a
H H H H H H H H H H C C C C O Ir Ir Ir Ir
0 1 2 2 3 4 5 5 6 7 8 9 9 9 10 11 11 11 14 10 10 10 18 12 12 12 15 13 13 13 14 16 17 11 12 13 14 17
10 10 10 18 12 12 12 15 13 13 13 14 16 17 11 12 13 14 17 0 1 2 2 3 4 5 5 6 7 8 9 9 9 10 11 11 11 14
-81.10107832999995
ni-1211-a
H H C O Ni Ni Ni Ni
0 0 1 1 2 2 2 2 3 3 3 3 2 5 2 5 3 4 5 6 4 5 6 7
2 5 2 5 3 4 5 6 4 5 6 7 0 0 1 1 2 2 2 2 3 3 3 3
-23.187731619999965
ni-2201-a
H H C C Ni Ni Ni Ni
0 0 1 1 2 2 2 2 3 3 3 2 4 3 7 3 4 5 6 5 6 7
2 4 3 7 3 4 5 6 5 6 7 0 0 1 1 2 2 2 2 3 3 3
-25.898187059999998
ni-2401-a
H H H H C C Ni Ni Ni Ni Ni
0 0 0 1 1 1 2 2 2 3 3 3 4 4 4 4 5 5 5 4 8 9 4 9 10 5 6 9 5 7 9 5 8 9 10 6 7 9
4 8 9 4 9 10 5 6 9 5 7 9 5 8 9 10 6 7 9 0 0 0 1 1 1 2 2 2 3 3 3 4 4 4 4 5 5 5
-33.08131166999999
ni-2411-a
H H H H C C O Ni Ni Ni Ni Ni
0 0 1 2 3 3 4 4 5 5 5 5 6 6 6 6 4 8 4 4 5 11 5 11 6 9 10 11 7 9 10 11
4 8 4 4 5 11 5 11 6 9 10 11 7 9 10 11 0 0 1 2 3 3 4 4 5 5 5 5 6 6 6 6
-40.033470050000005
ni-2601-a
H H H H H H C C Ni
0 1 2 2 3 4 5 6 6 6 6 8 7 7 7 7
6 6 6 8 7 7 7 7 0 1 2 2 3 4 5 6
-40.76149776
ni-2611-a
H H H H H H C C O
0 1 2 3 4 5 6 7 6 6 6 7 7 7 8 8
6 6 6 7 7 7 8 8 0 1 2 3 4 5 6 7
-46.72161184999999
ni-2612-a
H H H H H H C C O Ni Ni
0 0 1 2 3 4 5 5 6 7 8 6 9 6 6 7 7 8 10 7 8 10
6 9 6 6 7 7 8 10 7 8 10 0 0 1 2 3 4 5 5 6 7 8
-47.543450819999975
ni-3401-a
H H H H C C C Ni Ni Ni Ni
0 1 1 2 3 3 4 4 4 4 5 5 5 5 6 6 8 6 4 10 5 7 9 10 6 7 8 9
6 6 8 6 4 10 5 7 9 10 6 7 8 9 0 1 1 2 3 3 4 4 4 4 5 5 5 5
-42.610085519999984
ni-3601-a
H H H H H H C C C Ni Ni Ni Ni
0 0 1 2 3 3 4 4 5 5 6 6 6 6 7 7 8 8 9 8 8 6 10 6 12 7 11 7 10 11 12 8 11 11
8 9 8 8 6 10 6 12 7 11 7 10 11 12 8 11 11 0 0 1 2 3 3 4 4 5 5 6 6 6 6 7 7 8
-49.86650917999998
ni-3611-a
H H H H H H C C C O
0 1 2 3 4 5 6 7 7 6 6 6 8 8 8 7 8 9
6 6 6 8 8 8 7 8 9 0 1 2 3 4 5 6 7 7
-56.28176346999999
ni-3611-b
H H H H H H C C C O Ni Ni Ni
0 1 2 3 4 4 5 5 6 7 7 9 6 6 6 8 8 12 8 10 7 8 9 11
6 6 6 8 8 12 8 10 7 8 9 11 0 1 2 3 4 4 5 5 6 7 7 9
-56.66918888999999
ni-3801-a
H H H H H H H H C C C Ni
0 1 2 3 4 4 5 6 7 8 9 8 8 8 9 9 11 10 10 10 9 10
8 8 8 9 9 11 10 10 10 9 10 0 1 2 3 4 4 5 6 7 8 9
-57.44986469999998
ni-3811-a
H H H H H H H H C C C O Ni Ni Ni
0 1 2 2 3 4 4 5 6 7 8 9 10 10 11 8 8 8 14 9 9 12 10 10 10 9 11 11 13 13
8 8 8 14 9 9 12 10 10 10 9 11 11 13 13 0 1 2 2 3 4 4 5 6 7 8 9 10 10 11
-63.677063110000006
ni-3812-a
H H H H H H H H C C C O Ni Ni
0 1 2 3 3 4 5 6 7 7 8 9 10 11 8 8 8 9 13 9 10 10 11 12 9 10 11 12
8 8 8 9 13 9 10 10 11 12 9 10 11 12 0 1 2 3 3 4 5 6 7 7 8 9 10 11
-64.18423845000001
ni-3813-a
H H H H H H H H C C C O Ni Ni Ni
0 1 2 2 3 4 5 5 6 7 7 8 9 9 11 8 8 8 12 10 10 10 14 9 11 13 9 10 11 13
8 8 8 12 10 10 10 14 9 11 13 9 10 11 13 0 1 2 2 3 4 5 5 6 7 7 8 9 9 11
-64.32037632999999
ni-4601-a
H H H H H H C C C C Ni Ni Ni Ni
0 1 1 2 3 4 4 5 6 7 7 7 7 8 8 8 8 6 6 10 6 9 9 13 9 7 8 10 11 12 9 11 12 13
6 6 10 6 9 9 13 9 7 8 10 11 12 9 11 12 13 0 1 1 2 3 4 4 5 6 7 7 7 7 8 8 8 8
-59.34310913999997
ni-4602-a
H H H H H H C C C C Ni Ni Ni Ni
0 1 1 2 3 4 5 5 6 6 6 6 7 7 7 7 8 8 8 8 11 9 9 9 6 13 7 10 12 13 8 10 11 12 9 11
8 8 11 9 9 9 6 13 7 10 12 13 8 10 11 12 9 11 0 1 1 2 3 4 5 5 6 6 6 6 7 7 7 7 8 8
-59.29766563999999
ni-4801-a
H H H H H H H H C C C C Ni Ni Ni Ni
0 1 2 2 3 4 5 5 6 6 7 7 8 8 8 8 9 9 10 10 10 11 12 11 11 8 13 8 15 9 14 9 13 14 15 10 14 11
10 10 11 12 11 11 8 13 8 15 9 14 9 13 14 15 10 14 11 0 1 2 2 3 4 5 5 6 6 7 7 8 8 8 8 9 9 10
-66.51486283999998
ni-4802-a
H H H H H H H H C C C C Ni Ni Ni Ni Ni
0 1 2 3 3 3 4 4 4 5 6 6 7 8 8 9 9 9 10 10 10 10 11 8 8 8 9 12 15 10 13 15 11 11 16 11 9 14 10 12 15 11 13 15 16 16
8 8 8 9 12 15 10 13 15 11 11 16 11 9 14 10 12 15 11 13 15 16 16 0 1 2 3 3 3 4 4 4 5 6 6 7 8 8 9 9 9 10 10 10 10 11
-66.40367796999999
ni-4803-a
H H H H H H H H C C C C Ni Ni Ni Ni Ni Ni Ni
0 0 1 2 2 3 3 3 4 4 4 5 5 6 6 7 8 8 9 9 9 9 10 10 10 10 11 8 12 8 8 13 9 15 17 10 14 17 11 16 11 18 11 9 12 10 12 15 17 11 14 17 18 18
8 12 8 8 13 9 15 17 10 14 17 11 16 11 18 11 9 12 10 12 15 17 11 14 17 18 18 0 0 1 2 2 3 3 3 4 4 4 5 5 6 6 7 8 8 9 9 9 9 10 10 10 10 11
-66.35110457999997
ni-4804-a
H H H H H H H H C C C C Ni Ni Ni Ni Ni
0 1 2 2 3 4 5 5 6 6 7 7 7 8 8 8 9 9 9 10 10 11 11 11 8 8 8 12 10 10 10 13 11 14 11 14 16 9 12 15 10 11 15 13 15 14 15 16
8 8 8 12 10 10 10 13 11 14 11 14 16 9 12 15 10 11 15 13 15 14 15 16 0 1 2 2 3 4 5 5 6 6 7 7 7 8 8 8 9 9 9 10 10 11 11 11
-66.45182355999998
ni-4811-a
H H H H H H H H C C C C O Ni Ni
0 1 2 3 3 3 4 5 6 7 8 9 10 10 8 8 8 9 13 14 9 11 11 11 9 10 11 12
8 8 8 9 13 14 9 11 11 11 9 10 11 12 0 1 2 3 3 3 4 5 6 7 8 9 10 10
-72.96696808999997
ni-4811-b
H H H H H H H H C C C C O Ni Ni
0 1 2 3 4 5 6 7 7 8 9 10 10 12 8 8 8 9 9 11 11 11 13 9 10 11 12 14
8 8 8 9 9 11 11 11 13 9 10 11 12 14 0 1 2 3 4 5 6 7 7 8 9 10 10 12
-73.33453586000002
ni-4a01-a
H H H H H H H H H H C C C C Ni Ni Ni
0 1 2 2 3 3 4 5 6 7 8 9 9 10 11 12 10 10 10 15 11 16 11 12 12 13 13 13 14 11 12 13
10 10 10 15 11 16 11 12 12 13 13 13 14 11 12 13 0 1 2 2 3 3 4 5 6 7 8 9 9 10 11 12
-74.15352144999997
ni-4a02-a
H H H H H H H H H H C C C C Ni Ni Ni
0 1 2 3 3 4 5 6 7 8 9 9 9 10 11 11 10 10 10 12 16 12 12 11 13 13 13 14 15 11 12 13
10 10 10 12 16 12 12 11 13 13 13 14 15 11 12 13 0 1 2 3 3 4 5 6 7 8 9 9 9 10 11 11
-74.15157780999999
ni-4a11-a
H H H H H H H H H H C C C C O Ni Ni
0 1 2 3 4 5 5 6 7 8 9 9 10 11 12 13 14 10 10 10 11 11 12 15 12 13 13 14 16 11 12 13 14 16
10 10 10 11 11 12 15 12 13 13 14 16 11 12 13 14 16 0 1 2 3 4 5 5 6 7 8 9 9 10 11 12 13 14
-80.87536728999999
ni-4a12-a
H H H H H H H H H H C C C C O Ni Ni Ni
0 1 2 2 3 4 4 5 5 6 7 8 9 10 11 11 12 14 10 10 10 15 12 12 16 14 17 11 13 13 13 11 12 14 13 17
10 10 10 15 12 12 16 14 17 11 13 13 13 11 12 14 13 17 0 1 2 2 3 4 4 5 5 6 7 8 9 10 11 11 12 14
-81.02750927
ni-4a13-a
H H H H H H H H H H C C C C O Ni Ni Ni Ni
0 1 2 2 3 3 4 5 6 7 8 9 9 9 10 11 11 12 14 10 10 10 15 12 17 12 13 13 13 11 14 16 18 11 12 14 13 18
10 10 10 15 12 17 12 13 13 13 11 14 16 18 11 12 14 13 18 0 1 2 2 3 3 4 5 6 7 8 9 9 9 10 11 11 12 14
-81.01336942
ni-4a14-a
H H H H H H H H H H C C C C O Ni Ni Ni Ni
0 1 2 2 3 4 5 5 6 7 8 9 9 9 10 11 11 11 14 10 10 10 18 12 12 12 15 13 13 13 14 16 17 11 12 13 14 17
10 10 10 18 12 12 12 15 13 13 13 14 16 17 11 12 13 14 17 0 1 2 2 3 4 5 5 6 7 8 9 9 9 10 11 11 11 14
-81.08001707
os-1211-a
H H C O Os Os Os Os
0 0 1 1 2 2 2 2 3 3 3 3 2 5 2 5 3 4 5 6 4 5 6 7
2 5 2 5 3 4 5 6 4 5 6 7 0 0 1 1 2 2 2 2 3 3 3 3
-23.41974675000006
os-2201-a
H H C C Os Os Os Os
0 0 1 1 2 2 2 2 3 3 3 2 4 3 7 3 4 5 6 5 6 7
2 4 3 7 3 4 5 6 5 6 7 0 0 1 1 2 2 2 2 3 3 3
-26.211121130000038
os-2401-a
H H H H C C Os Os Os Os Os
0 0 0 1 1 1 2 2 2 3 3 3 4 4 4 4 5 5 5 4 8 9 4 9 10 5 6 9 5 7 9 5 8 9 10 6 7 9
4 8 9 4 9 10 5 6 9 5 7 9 5 8 9 10 6 7 9 0 0 0 1 1 1 2 2 2 3 3 3 4 4 4 4 5 5 5
-33.278223990000015
os-2411-a
H H H H C C O Os Os Os Os Os
0 0 1 2 3 3 4 4 5 5 5 5 6 6 6 6 4 8 4 4 5 11 5 11 6 9 10 11 7 9 10 11
4 8 4 4 5 11 5 11 6 9 10 11 7 9 10 11 0 0 1 2 3 3 4 4 5 5 5 5 6 6 6 6
-40.12725928000009
os-2601-a
H H H H H H C C Os
0 1 2 2 3 4 5 6 6 6 6 8 7 7 7 7
6 6 6 8 7 7 7 7 0 1 2 2 3 4 5 6
-40.75193551000007
os-2611-a
H H H H H H C C O
0 1 2 3 4 5 6 7 6 6 6 7 7 7 8 8
6 6 6 7 7 7 8 8 0 1 2 3 4 5 6 7
-46.639089979999994
os-2612-a
H H H H H H C C O Os Os Os
0 0 1 2 3 4 4 5 5 6 7 8 6 9 6 6 7 7 10 8 11 7 8 11
6 9 6 6 7 7 10 8 11 7 8 11 0 0 1 2 3 4 4 5 5 6 7 8
-47.722518870000044
os-3401-a
H H H H C C C Os Os Os Os Os
0 1 1 2 3 3 4 4 4 4 4 5 5 5 5 5 6 6 10 6 4 7 5 7 8 9 11 6 7 9 10 11
6 6 10 6 4 7 5 7 8 9 11 6 7 9 10 11 0 1 1 2 3 3 4 4 4 4 4 5 5 5 5 5
-42.89982601000008
os-3601-a
H H H H H H C C C Os Os Os Os
0 0 1 2 3 3 4 4 5 5 6 6 6 6 7 7 8 9 8 8 6 10 6 12 7 11 7 10 11 12 8 11
8 9 8 8 6 10 6 12 7 11 7 10 11 12 8 11 0 0 1 2 3 3 4 4 5 5 6 6 6 6 7 7
-50.12792190000005
os-3611-a
H H H H H H C C C O Os
0 1 2 3 3 4 5 6 7 7 6 6 6 8 10 8 8 7 8 9
6 6 6 8 10 8 8 7 8 9 0 1 2 3 3 4 5 6 7 7
-56.25759972000003
os-3611-b
H H H H H H C C C O Os Os Os
0 1 2 3 4 4 5 5 6 7 7 9 6 6 6 8 8 12 8 10 7 8 9 11
6 6 6 8 8 12 8 10 7 8 9 11 0 1 2 3 4 4 5 5 6 7 7 9
-56.835878300000104
os-3801-a
H H H H H H H H C C C Os
0 1 2 3 4 4 5 6 7 8 9 8 8 8 9 9 11 10 10 10 9 10
8 8 8 9 9 11 10 10 10 9 10 0 1 2 3 4 4 5 6 7 8 9
-57.473087310000096
os-3811-a
H H H H H H H H C C C O Os Os Os
0 1 2 3 4 4 5 5 6 7 8 9 10 11 8 8 8 9 9 13 10 12 10 10 9 11 11 14
8 8 8 9 9 13 10 12 10 10 9 11 11 14 0 1 2 3 4 4 5 5 6 7 8 9 10 11
-63.841104740000105
os-3812-a
H H H H H H H H C C C O Os Os Os
0 1 2 3 3 4 5 6 6 7 7 8 9 10 11 8 8 8 9 14 9 10 10 12 11 13 9 10 11 13
8 8 8 9 14 9 10 10 12 11 13 9 10 11 13 0 1 2 3 3 4 5 6 6 7 7 8 9 10 11
-64.37499192000007
os-3813-a
H H H H H H H H C C C O Os Os Os Os Os
0 1 2 2 3 4 5 5 6 7 7 7 7 8 9 9 11 8 8 8 15 10 10 10 12 9 11 13 14 16 9 10 11 16
8 8 8 15 10 10 10 12 9 11 13 14 16 9 10 11 16 0 1 2 2 3 4 5 5 6 7 7 7 7 8 9 9 11
-64.43403262000004
os-4601-a
H H H H H H C C C C Os Os Os Os Os
0 1 1 2 3 4 4 5 6 6 7 7 7 7 8 8 8 8 9 6 6 10 6 9 9 14 9 7 10 8 10 12 13 9 11 13 14 14
6 6 10 6 9 9 14 9 7 10 8 10 12 13 9 11 13 14 14 0 1 1 2 3 4 4 5 6 6 7 7 7 7 8 8 8 8 9
-58.29362415000003
os-4602-a
H H H H H H C C C C Os Os Os Os Os
0 1 1 2 3 3 4 5 5 6 6 6 6 7 7 7 7 8 8 8 12 9 9 14 9 6 10 7 10 11 13 8 11 12 13 9
8 8 12 9 9 14 9 6 10 7 10 11 13 8 11 12 13 9 0 1 1 2 3 3 4 5 5 6 6 6 6 7 7 7 7 8
-59.62240539000004
os-4801-a
H H H H H H H H C C C C Os Os Os Os Os Os
0 0 1 2 2 3 4 5 5 5 6 6 6 7 7 7 8 8 8 8 9 9 9 10 10 13 10 11 17 11 11 8 14 16 8 12 16 9 15 16 9 12 14 16 10 16 17 11
10 13 10 11 17 11 11 8 14 16 8 12 16 9 15 16 9 12 14 16 10 16 17 11 0 0 1 2 2 3 4 5 5 5 6 6 6 7 7 7 8 8 8 8 9 9 9 10
-66.49709266000002
os-4802-a
H H H H H H H H C C C C Os Os Os Os Os
0 1 1 2 3 3 3 4 4 4 5 6 6 7 8 8 9 9 9 9 10 10 10 10 11 8 8 14 8 9 12 15 10 13 15 11 11 16 11 9 14 10 12 14 15 11 13 15 16 16
8 8 14 8 9 12 15 10 13 15 11 11 16 11 9 14 10 12 14 15 11 13 15 16 16 0 1 1 2 3 3 3 4 4 4 5 6 6 7 8 8 9 9 9 9 10 10 10 10 11
-66.58367693000002
os-4803-a
H H H H H H H H C C C C Os Os Os Os Os Os Os
0 0 1 2 2 3 3 3 4 4 4 5 5 6 6 7 8 8 9 9 9 9 10 10 10 10 11 8 12 8 8 13 9 15 17 10 14 17 11 16 11 18 11 9 12 10 12 15 17 11 14 17 18 18
8 12 8 8 13 9 15 17 10 14 17 11 16 11 18 11 9 12 10 12 15 17 11 14 17 18 18 0 0 1 2 2 3 3 3 4 4 4 5 5 6 6 7 8 8 9 9 9 9 10 10 10 10 11
-66.58601156000009
os-4804-a
H H H H H H H H C C C C Os Os Os Os Os
0 1 2 2 3 4 5 5 6 6 7 7 8 8 9 9 9 10 11 11 11 8 8 8 13 10 10 10 12 11 14 11 16 9 15 10 11 15 15 14 15 16
8 8 8 13 10 10 10 12 11 14 11 16 9 15 10 11 15 15 14 15 16 0 1 2 2 3 4 5 5 6 6 7 7 8 8 9 9 9 10 11 11 11
-66.88382606000005
os-4811-a
H H H H H H H H C C C C O Os
0 1 2 3 3 4 5 6 7 8 9 10 10 8 8 8 9 13 9 11 11 11 9 10 11 12
8 8 8 9 13 9 11 11 11 9 10 11 12 0 1 2 3 3 4 5 6 7 8 9 10 10
-72.98560012000007
os-4811-b
H H H H H H H H C C C C O Os Os Os Os
0 1 2 3 4 5 6 6 7 7 8 9 10 10 12 12 8 8 8 9 9 11 11 13 11 14 9 10 11 12 15 16
8 8 8 9 9 11 11 13 11 14 9 10 11 12 15 16 0 1 2 3 4 5 6 6 7 7 8 9 10 10 12 12
-73.50100037000004
os-4a01-a
H H H H H H H H H H C C C C Os Os Os
0 1 2 2 3 3 4 5 6 7 8 9 9 10 11 12 10 10 10 14 11 15 11 12 12 13 13 13 16 11 12 13
10 10 10 14 11 15 11 12 12 13 13 13 16 11 12 13 0 1 2 2 3 3 4 5 6 7 8 9 9 10 11 12
-74.12709501000006
os-4a02-a
H H H H H H H H H H C C C C
0 1 2 3 4 5 6 7 8 9 10 11 11 10 10 10 12 12 12 11 13 13 13 11 12 13
10 10 10 12 12 12 11 13 13 13 11 12 13 0 1 2 3 4 5 6 7 8 9 10 11 11
-74.03899160000003
os-4a11-a
H H H H H H H H H H C C C C O Os Os Os
0 1 2 3 4 5 5 6 7 8 8 9 9 10 11 12 13 14 10 10 10 11 11 12 16 12 13 13 15 14 17 11 12 13 14 17
10 10 10 11 11 12 16 12 13 13 15 14 17 11 12 13 14 17 0 1 2 3 4 5 5 6 7 8 8 9 9 10 11 12 13 14
-81.02834584000004
os-4a12-a
H H H H H H H H H H C C C C O Os Os Os Os Os
0 1 2 2 3 4 4 5 5 5 6 7 8 9 9 10 11 11 12 14 10 10 10 18 12 12 19 14 15 16 11 13 13 13 17 11 12 14 13 15
10 10 10 18 12 12 19 14 15 16 11 13 13 13 17 11 12 14 13 15 0 1 2 2 3 4 4 5 5 5 6 7 8 9 9 10 11 11 12 14
-81.1341597600001
os-4a13-a
H H H H H H H H H H C C C C O Os Os Os Os Os
0 1 2 2 3 3 4 5 5 6 7 8 9 9 9 10 11 11 12 14 10 10 10 15 12 18 12 13 17 13 13 11 14 16 19 11 12 14 13 16
10 10 10 15 12 18 12 13 17 13 13 11 14 16 19 11 12 14 13 16 0 1 2 2 3 3 4 5 5 6 7 8 9 9 9 10 11 11 12 14
-81.13674928
os-4a14-a
H H H H H H H H H H C C C C O Os Os Os Os
0 1 2 2 3 4 5 5 6 7 8 9 9 9 10 11 11 11 14 10 10 10 18 12 12 12 15 13 13 13 14 16 17 11 12 13 14 17
10 10 10 18 12 12 12 15 13 13 13 14 16 17 11 12 13 14 17 0 1 2 2 3 4 5 5 6 7 8 9 9 9 10 11 11 11 14
-81.21482133000006
pd-1211-a
H H C O Pd Pd Pd Pd
0 0 1 1 2 2 2 2 2 3 3 3 2 6 2 6 3 4 5 6 7 5 6 7
2 6 2 6 3 4 5 6 7 5 6 7 0 0 1 1 2 2 2 2 2 3 3 3
-22.929093380000012
pd-2201-a
H H C C Pd Pd Pd Pd Pd
0 0 1 1 2 2 2 2 3 3 3 3 2 6 3 8 3 5 6 7 4 6 7 8
2 6 3 8 3 5 6 7 4 6 7 8 0 0 1 1 2 2 2 2 3 3 3 3
-25.482196749999986
pd-2401-a
H H H H C C Pd Pd Pd Pd Pd
0 0 0 1 1 1 2 2 2 3 3 3 4 4 4 5 5 5 4 8 9 4 9 10 5 6 9 5 7 9 5 8 9 6 7 9
4 8 9 4 9 10 5 6 9 5 7 9 5 8 9 6 7 9 0 0 0 1 1 1 2 2 2 3 3 3 4 4 4 5 5 5
-33.17643100000001
pd-2411-a
H H H H C C O Pd Pd Pd Pd
0 0 1 2 3 3 4 4 5 5 5 5 6 6 6 4 10 4 4 5 9 5 9 6 7 8 9 7 8 9
4 10 4 4 5 9 5 9 6 7 8 9 7 8 9 0 0 1 2 3 3 4 4 5 5 5 5 6 6 6
-39.89362975000003
pd-2601-a
H H H H H H C C Pd Pd
0 1 2 2 3 4 4 5 6 6 6 6 9 7 7 8 7 7
6 6 6 9 7 7 8 7 7 0 1 2 2 3 4 4 5 6
-40.80805837
pd-2611-a
H H H H H H C C O Pd Pd Pd
0 0 1 2 3 4 4 4 5 5 6 7 6 9 6 6 7 7 10 11 7 10 8 8
6 9 6 6 7 7 10 11 7 10 8 8 0 0 1 2 3 4 4 4 5 5 6 7
-46.817909490000005
pd-2612-a
H H H H H H C C O Pd Pd
0 0 1 2 3 4 5 5 6 7 8 6 9 6 6 7 7 8 10 7 8 10
6 9 6 6 7 7 8 10 7 8 10 0 0 1 2 3 4 5 5 6 7 8
-47.524889779999995
pd-3401-a
H H H H C C C Pd Pd Pd Pd Pd
0 1 1 2 3 3 4 4 4 4 4 5 5 5 5 5 6 6 6 10 6 4 7 5 7 8 9 11 6 7 9 10 11 11
6 6 10 6 4 7 5 7 8 9 11 6 7 9 10 11 11 0 1 1 2 3 3 4 4 4 4 4 5 5 5 5 5 6
-42.30111403999999
pd-3601-a
H H H H H H C C C Pd Pd Pd Pd Pd
0 1 2 2 3 3 3 4 4 4 5 5 5 6 6 6 6 7 7 7 8 8 8 8 8 10 6 11 12 6 9 12 7 12 13 7 9 11 12 8 12 13 10 12
8 8 8 10 6 11 12 6 9 12 7 12 13 7 9 11 12 8 12 13 10 12 0 1 2 2 3 3 3 4 4 4 5 5 5 6 6 6 6 7 7 7 8 8
-49.904142269999994
pd-3611-a
H H H H H H C C C O Pd Pd Pd Pd
0 1 1 2 2 3 3 4 5 5 6 7 7 6 6 13 6 11 8 12 8 8 10 7 8 9
6 6 13 6 11 8 12 8 8 10 7 8 9 0 1 1 2 2 3 3 4 5 5 6 7 7
-56.38167732000002
pd-3611-b
H H H H H H C C C O Pd Pd Pd
0 1 2 3 4 4 5 5 6 7 7 9 6 6 6 8 8 12 8 10 7 8 9 11
6 6 6 8 8 12 8 10 7 8 9 11 0 1 2 3 4 4 5 5 6 7 7 9
-56.64832099000003
pd-3801-a
H H H H H H H H C C C Pd Pd Pd
0 0 1 2 3 4 4 5 6 7 7 8 9 8 13 8 8 9 9 12 10 10 10 11 9 10
8 13 8 8 9 9 12 10 10 10 11 9 10 0 0 1 2 3 4 4 5 6 7 7 8 9
-57.51234585
pd-3811-a
H H H H H H H H C C C O Pd Pd Pd Pd Pd
0 1 2 2 3 4 4 5 5 5 6 7 7 8 9 10 10 11 8 8 8 12 9 9 14 10 13 16 10 10 16 9 11 11 15 15
8 8 8 12 9 9 14 10 13 16 10 10 16 9 11 11 15 15 0 1 2 2 3 4 4 5 5 5 6 7 7 8 9 10 10 11
-63.741062140000025
pd-3812-a
H H H H H H H H C C C O Pd Pd Pd
0 1 2 3 3 4 5 6 7 7 7 8 9 10 11 8 8 8 9 14 9 10 10 11 12 13 9 10 11 13
8 8 8 9 14 9 10 10 11 12 13 9 10 11 13 0 1 2 3 3 4 5 6 7 7 7 8 9 10 11
-64.17061973000003
pd-3813-a
H H H H H H H H C C C O Pd Pd Pd Pd
0 1 2 2 3 4 5 5 6 7 7 7 8 9 9 11 8 8 8 13 10 10 10 15 9 11 12 14 9 10 11 14
8 8 8 13 10 10 10 15 9 11 12 14 9 10 11 14 0 1 2 2 3 4 5 5 6 7 7 7 8 9 9 11
-64.36417785
pd-4601-a
H H H H H H C C C C Pd Pd Pd Pd Pd
0 1 2 2 3 4 4 5 6 6 7 7 7 7 8 8 8 8 9 6 6 6 10 9 9 14 9 7 10 8 10 11 13 9 12 13 14 14
6 6 6 10 9 9 14 9 7 10 8 10 11 13 9 12 13 14 14 0 1 2 2 3 4 4 5 6 6 7 7 7 7 8 8 8 8 9
-57.85978850000001
pd-4602-a
H H H H H H C C C C Pd Pd Pd Pd Pd
0 1 2 3 4 4 5 5 5 6 6 6 6 6 7 7 7 7 7 8 8 8 9 9 9 14 6 11 13 7 10 11 12 13 8 11 12 13 14 9
8 8 9 9 9 14 6 11 13 7 10 11 12 13 8 11 12 13 14 9 0 1 2 3 4 4 5 5 5 6 6 6 6 6 7 7 7 7 7 8
-58.918938120000035
pd-4801-a
H H H H H H H H C C C C Pd Pd Pd Pd Pd Pd
0 0 1 2 2 3 4 5 5 5 5 6 6 6 7 7 8 8 8 9 9 10 10 14 10 11 17 11 11 8 12 15 16 8 13 16 9 16 9 12 16 10 16 11
10 14 10 11 17 11 11 8 12 15 16 8 13 16 9 16 9 12 16 10 16 11 0 0 1 2 2 3 4 5 5 5 5 6 6 6 7 7 8 8 8 9 9 10
-66.53850018
pd-4802-a
H H H H H H H H C C C C Pd Pd Pd Pd Pd
0 1 1 2 3 3 3 4 4 4 5 6 6 7 8 8 9 9 9 10 10 10 10 11 8 8 14 8 9 12 15 10 13 15 11 11 16 11 9 14 10 12 15 11 13 15 16 16
8 8 14 8 9 12 15 10 13 15 11 11 16 11 9 14 10 12 15 11 13 15 16 16 0 1 1 2 3 3 3 4 4 4 5 6 6 7 8 8 9 9 9 10 10 10 10 11
-66.62315723999998
pd-4803-a
H H H H H H H H C C C C Pd Pd Pd Pd Pd Pd Pd
0 0 1 2 2 3 3 3 4 4 4 5 5 6 6 7 8 8 8 9 9 9 9 10 10 10 11 11 8 12 8 8 13 9 15 17 10 14 17 11 16 11 18 11 9 12 17 10 12 15 17 11 17 18 17 18
8 12 8 8 13 9 15 17 10 14 17 11 16 11 18 11 9 12 17 10 12 15 17 11 17 18 17 18 0 0 1 2 2 3 3 3 4 4 4 5 5 6 6 7 8 8 8 9 9 9 9 10 10 10 11 11
-66.55961638
pd-4804-a
H H H H H H H H C C C C Pd Pd Pd Pd Pd Pd Pd
0 1 1 2 2 3 3 4 5 5 6 6 6 6 7 7 7 7 8 8 8 9 9 9 10 10 11 11 8 8 12 8 12 10 13 10 10 14 11 15 16 17 11 16 17 18 9 12 17 10 11 17 14 17 16 17
8 8 12 8 12 10 13 10 10 14 11 15 16 17 11 16 17 18 9 12 17 10 11 17 14 17 16 17 0 1 1 2 2 3 3 4 5 5 6 6 6 6 7 7 7 7 8 8 8 9 9 9 10 10 11 11
-66.67363903000003
pd-4811-a
H H H H H H H H C C C C O Pd Pd Pd
0 1 2 3 3 3 4 5 6 7 7 8 9 10 10 8 8 8 9 13 14 9 11 11 11 15 9 10 11 12
8 8 8 9 13 14 9 11 11 11 15 9 10 11 12 0 1 2 3 3 3 4 5 6 7 7 8 9 10 10
-73.05264068
pd-4811-b
H H H H H H H H C C C C O Pd Pd Pd
0 1 2 3 4 5 6 6 7 7 8 9 10 10 12 8 8 8 9 9 11 11 15 11 13 9 10 11 12 14
8 8 8 9 9 11 11 15 11 13 9 10 11 12 14 0 1 2 3 4 5 6 6 7 7 8 9 10 10 12
-73.29611013000002
pd-4a01-a
H H H H H H H H H H C C C C Pd Pd Pd Pd
0 1 2 2 3 3 4 5 6 6 7 8 9 9 10 11 12 10 10 10 15 11 17 11 12 12 16 13 13 13 14 11 12 13
10 10 10 15 11 17 11 12 12 16 13 13 13 14 11 12 13 0 1 2 2 3 3 4 5 6 6 7 8 9 9 10 11 12
-74.23170682000003
pd-4a02-a
H H H H H H H H H H C C C C Pd Pd Pd Pd Pd
0 1 1 1 1 2 3 3 3 4 5 6 7 8 9 9 9 10 11 11 10 10 15 16 17 10 12 17 18 12 12 11 13 13 13 14 17 11 12 13
10 10 15 16 17 10 12 17 18 12 12 11 13 13 13 14 17 11 12 13 0 1 1 1 1 2 3 3 3 4 5 6 7 8 9 9 9 10 11 11
-74.25373561
pd-4a11-a
H H H H H H H H H H C C C C O Pd Pd Pd Pd Pd Pd
0 0 1 1 2 3 4 5 5 5 6 6 7 8 9 9 9 10 11 12 13 14 10 15 10 17 10 11 11 12 18 19 12 19 13 13 14 16 20 11 12 13 14 20
10 15 10 17 10 11 11 12 18 19 12 19 13 13 14 16 20 11 12 13 14 20 0 0 1 1 2 3 4 5 5 5 6 6 7 8 9 9 9 10 11 12 13 14
-80.80935685
pd-4a12-a
H H H H H H H H H H C C C C O Pd Pd Pd Pd
0 1 2 2 3 4 4 5 5 5 6 7 8 9 9 10 11 11 12 14 10 10 10 16 12 12 17 14 15 18 11 13 13 13 15 11 12 14 13 18
10 10 10 16 12 12 17 14 15 18 11 13 13 13 15 11 12 14 13 18 0 1 2 2 3 4 4 5 5 5 6 7 8 9 9 10 11 11 12 14
-81.07355637000003
pd-4a13-a
H H H H H H H H H H C C C C O Pd Pd Pd Pd Pd
0 1 2 2 3 3 4 5 5 6 7 8 9 9 9 10 11 11 12 14 10 10 10 16 12 18 12 13 19 13 13 11 14 15 17 11 12 14 13 17
10 10 10 16 12 18 12 13 19 13 13 11 14 15 17 11 12 14 13 17 0 1 2 2 3 3 4 5 5 6 7 8 9 9 9 10 11 11 12 14
-81.06115636000001
pd-4a14-a
H H H H H H H H H H C C C C O Pd Pd Pd Pd
0 1 2 2 3 4 5 5 6 7 8 9 9 9 10 11 11 11 14 10 10 10 18 12 12 12 15 13 13 13 14 16 17 11 12 13 14 17
10 10 10 18 12 12 12 15 13 13 13 14 16 17 11 12 13 14 17 0 1 2 2 3 4 5 5 6 7 8 9 9 9 10 11 11 11 14
-81.10985536000001
pt-1211-a
H H C O Pt Pt Pt
0 0 1 1 2 2 2 2 3 3 2 6 2 6 3 4 5 6 5 6
2 6 2 6 3 4 5 6 5 6 0 0 1 1 2 2 2 2 3 3
-22.83929766
pt-2201-a
H H C C Pt Pt Pt Pt
0 1 2 2 2 3 3 3 2 3 3 5 6 4 6 7
2 3 3 5 6 4 6 7 0 1 2 2 2 3 3 3
-23.97727126000001
pt-2401-a
H H H H C C Pt Pt Pt
0 0 1 1 2 2 3 3 4 4 4 5 5 4 8 4 8 5 8 5 8 5 7 8 6 8
4 8 4 8 5 8 5 8 5 7 8 6 8 0 0 1 1 2 2 3 3 4 4 4 5 5
-33.18372502
pt-2411-a
H H H H C C O Pt Pt Pt
0 1 2 3 3 4 4 5 5 5 6 6 6 4 4 4 5 9 5 9 6 8 9 7 8 9
4 4 4 5 9 5 9 6 8 9 7 8 9 0 1 2 3 3 4 4 5 5 5 6 6 6
-39.714452040000026
pt-2601-a
H H H H H H C C Pt
0 1 2 2 3 4 5 6 6 6 6 8 7 7 7 7
6 6 6 8 7 7 7 7 0 1 2 2 3 4 5 6
-40.778503160000014
pt-2611-a
H H H H H H C C O
0 1 2 3 4 5 6 7 6 6 6 7 7 7 8 8
6 6 6 7 7 7 8 8 0 1 2 3 4 5 6 7
-46.76127205
pt-2612-a
H H H H H H C C O Pt Pt
0 0 1 2 3 4 5 5 6 7 8 6 9 6 6 7 7 8 10 7 8 10
6 9 6 6 7 7 8 10 7 8 10 0 0 1 2 3 4 5 5 6 7 8
-47.496676939999986
pt-3401-a
H H H H C C C Pt Pt Pt Pt Pt
0 1 2 3 3 4 4 4 4 4 5 5 5 5 5 6 6 6 4 7 5 7 8 9 11 6 7 9 10 11
6 6 6 4 7 5 7 8 9 11 6 7 9 10 11 0 1 2 3 3 4 4 4 4 4 5 5 5 5 5
-42.451154669999994
pt-3601-a
H H H H H H C C C Pt Pt Pt Pt
0 1 2 2 3 3 3 4 4 5 5 6 6 6 6 7 7 8 8 8 8 9 6 10 11 6 11 7 11 7 10 11 12 8 11 9
8 8 8 9 6 10 11 6 11 7 11 7 10 11 12 8 11 9 0 1 2 2 3 3 3 4 4 5 5 6 6 6 6 7 7 8
-49.90637443000003
pt-3611-a
H H H H H H C C C O
0 1 2 3 4 5 6 7 7 6 6 6 8 8 8 7 8 9
6 6 6 8 8 8 7 8 9 0 1 2 3 4 5 6 7 7
-56.342388080000035
pt-3611-b
H H H H H H C C C O Pt Pt Pt
0 1 2 3 4 4 5 5 6 7 7 9 6 6 6 8 8 12 8 10 7 8 9 11
6 6 6 8 8 12 8 10 7 8 9 11 0 1 2 3 4 4 5 5 6 7 7 9
-56.588022300000034
pt-3801-a
H H H H H H H H C C C Pt
0 1 2 3 4 4 5 6 7 8 9 8 8 8 9 9 11 10 10 10 9 10
8 8 8 9 9 11 10 10 10 9 10 0 1 2 3 4 4 5 6 7 8 9
-57.49247724999998
pt-3811-a
H H H H H H H H C C C O Pt Pt Pt
0 1 2 2 3 4 4 5 6 7 8 9 10 11 8 8 8 14 9 9 12 10 10 10 9 11 11 13
8 8 8 14 9 9 12 10 10 10 9 11 11 13 0 1 2 2 3 4 4 5 6 7 8 9 10 11
-63.675019150000026
pt-3812-a
H H H H H H H H C C C O Pt Pt
0 1 2 3 3 4 5 6 7 7 8 9 10 11 8 8 8 9 13 9 10 10 11 12 9 10 11 12
8 8 8 9 13 9 10 10 11 12 9 10 11 12 0 1 2 3 3 4 5 6 7 7 8 9 10 11
-64.13067067000003
pt-3813-a
H H H H H H H H C C C O Pt Pt Pt
0 1 2 2 3 4 5 5 6 7 7 8 9 9 11 8 8 8 12 10 10 10 14 9 11 13 9 10 11 13
8 8 8 12 10 10 10 14 9 11 13 9 10 11 13 0 1 2 2 3 4 5 5 6 7 7 8 9 9 11
-64.30394280000002
pt-4601-a
H H H H H H C C C C Pt Pt Pt
0 1 2 3 4 5 6 6 7 7 7 8 8 8 9 6 6 6 9 9 9 7 12 8 11 12 9 10 11 10
6 6 6 9 9 9 7 12 8 11 12 9 10 11 10 0 1 2 3 4 5 6 6 7 7 7 8 8 8 9
-57.86027640999998
pt-4602-a
H H H H H H C C C C Pt Pt Pt Pt Pt
0 1 1 2 3 4 5 5 6 6 6 6 6 7 7 7 7 7 8 8 8 13 9 9 9 6 10 7 10 11 12 14 8 10 12 13 14 9
8 8 13 9 9 9 6 10 7 10 11 12 14 8 10 12 13 14 9 0 1 1 2 3 4 5 5 6 6 6 6 6 7 7 7 7 7 8
-59.11397314999999
pt-4801-a
H H H H H H H H C C C C Pt Pt Pt Pt
0 0 1 2 2 3 4 5 5 6 6 7 7 8 8 8 9 9 10 10 13 10 11 12 11 11 8 14 8 14 9 14 9 14 15 10 14 11
10 13 10 11 12 11 11 8 14 8 14 9 14 9 14 15 10 14 11 0 0 1 2 2 3 4 5 5 6 6 7 7 8 8 8 9 9 10
-66.52243078999999
pt-4802-a
H H H H H H H H C C C C Pt Pt Pt Pt Pt
0 1 2 3 3 3 4 4 4 5 6 6 7 8 8 9 9 9 10 10 10 11 8 8 8 9 12 15 10 13 15 11 11 16 11 9 14 10 12 15 11 13 15 16
8 8 8 9 12 15 10 13 15 11 11 16 11 9 14 10 12 15 11 13 15 16 0 1 2 3 3 3 4 4 4 5 6 6 7 8 8 9 9 9 10 10 10 11
-66.62746133000002
pt-4803-a
H H H H H H H H C C C C Pt Pt Pt Pt Pt
0 0 1 2 2 3 3 4 4 5 5 6 6 7 8 8 8 9 9 10 10 10 11 11 8 12 8 8 13 9 15 10 15 11 14 11 16 11 9 12 15 10 15 11 15 16 15 16
8 12 8 8 13 9 15 10 15 11 14 11 16 11 9 12 15 10 15 11 15 16 15 16 0 0 1 2 2 3 3 4 4 5 5 6 6 7 8 8 8 9 9 10 10 10 11 11
-66.57627336000002
pt-4804-a
H H H H H H H H C C C C Pt Pt Pt Pt
0 1 2 2 3 4 5 5 6 6 7 7 8 8 8 9 9 9 10 11 11 8 8 8 15 10 10 10 12 11 14 11 14 9 14 15 10 11 14 14 13 14
8 8 8 15 10 10 10 12 11 14 11 14 9 14 15 10 11 14 14 13 14 0 1 2 2 3 4 5 5 6 6 7 7 8 8 8 9 9 9 10 11 11
-66.64431647000004
pt-4811-a
H H H H H H H H C C C C O Pt Pt
0 1 2 3 3 3 4 5 6 7 8 9 10 10 8 8 8 9 13 14 9 11 11 11 9 10 11 12
8 8 8 9 13 14 9 11 11 11 9 10 11 12 0 1 2 3 3 3 4 5 6 7 8 9 10 10
-73.00675447999998
pt-4811-b
H H H H H H H H C C C C O Pt Pt Pt
0 1 2 3 4 5 6 6 7 7 8 9 10 10 12 8 8 8 9 9 11 11 15 11 13 9 10 11 12 14
8 8 8 9 9 11 11 15 11 13 9 10 11 12 14 0 1 2 3 4 5 6 6 7 7 8 9 10 10 12
-73.24456654
pt-4a01-a
H H H H H H H H H H C C C C Pt Pt Pt
0 1 2 2 3 3 4 5 6 7 8 9 9 10 11 12 10 10 10 15 11 16 11 12 12 13 13 13 14 11 12 13
10 10 10 15 11 16 11 12 12 13 13 13 14 11 12 13 0 1 2 2 3 3 4 5 6 7 8 9 9 10 11 12
-74.16086754000003
pt-4a02-a
H H H H H H H H H H C C C C Pt Pt
0 1 2 3 3 4 5 6 7 8 9 9 10 11 11 10 10 10 12 15 12 12 11 13 13 13 14 11 12 13
10 10 10 12 15 12 12 11 13 13 13 14 11 12 13 0 1 2 3 3 4 5 6 7 8 9 9 10 11 11
-74.17004595000003
pt-4a11-a
H H H H H H H H H H C C C C O Pt Pt Pt
0 1 2 3 4 5 6 6 7 8 9 9 9 10 11 12 13 14 10 10 10 11 11 12 12 16 13 13 14 15 17 11 12 13 14 17
10 10 10 11 11 12 12 16 13 13 14 15 17 11 12 13 14 17 0 1 2 3 4 5 6 6 7 8 9 9 9 10 11 12 13 14
-80.68396841000003
pt-4a12-a
H H H H H H H H H H C C C C O Pt Pt Pt Pt
0 1 2 2 3 4 4 5 5 6 7 8 9 9 10 11 11 12 14 10 10 10 16 12 12 17 14 18 11 13 13 13 15 11 12 14 13 18
10 10 10 16 12 12 17 14 18 11 13 13 13 15 11 12 14 13 18 0 1 2 2 3 4 4 5 5 6 7 8 9 9 10 11 11 12 14
-81.01248074
pt-4a13-a
H H H H H H H H H H C C C C O Pt Pt Pt Pt
0 1 2 2 3 3 4 5 5 6 7 8 9 9 10 11 11 12 14 10 10 10 15 12 17 12 13 18 13 13 11 14 16 11 12 14 13 16
10 10 10 15 12 17 12 13 18 13 13 11 14 16 11 12 14 13 16 0 1 2 2 3 3 4 5 5 6 7 8 9 9 10 11 11 12 14
-81.00101325999998
pt-4a14-a
H H H H H H H H H H C C C C O Pt Pt Pt Pt
0 1 2 2 3 4 5 5 6 7 8 9 9 9 10 11 11 11 14 10 10 10 18 12 12 12 15 13 13 13 14 16 17 11 12 13 14 17
10 10 10 18 12 12 12 15 13 13 13 14 16 17 11 12 13 14 17 0 1 2 2 3 4 5 5 6 7 8 9 9 9 10 11 11 11 14
-81.06778630000002
rh-1211-a
H H C O Rh Rh Rh Rh
0 0 1 1 2 2 2 2 2 3 3 3 2 6 2 6 3 4 5 6 7 5 6 7
2 6 2 6 3 4 5 6 7 5 6 7 0 0 1 1 2 2 2 2 2 3 3 3
-23.024628189999987
rh-2201-a
H H C C Rh Rh Rh Rh
0 0 1 1 2 2 2 2 3 3 3 2 4 3 7 3 4 5 6 5 6 7
2 4 3 7 3 4 5 6 5 6 7 0 0 1 1 2 2 2 2 3 3 3
-25.684861360000014
rh-2401-a
H H H H C C Rh Rh Rh Rh Rh
0 0 0 1 1 1 2 2 2 3 3 3 4 4 4 4 5 5 5 4 8 9 4 9 10 5 6 9 5 7 9 5 8 9 10 6 7 9
4 8 9 4 9 10 5 6 9 5 7 9 5 8 9 10 6 7 9 0 0 0 1 1 1 2 2 2 3 3 3 4 4 4 4 5 5 5
-33.22119005000002
rh-2411-a
H H H H C C O Rh Rh Rh Rh Rh
0 0 1 2 3 3 4 4 5 5 5 5 6 6 6 6 4 8 4 4 5 11 5 11 6 9 10 11 7 9 10 11
4 8 4 4 5 11 5 11 6 9 10 11 7 9 10 11 0 0 1 2 3 3 4 4 5 5 5 5 6 6 6 6
-40.01879051999998
rh-2601-a
H H H H H H C C Rh
0 1 2 2 3 4 5 6 6 6 6 8 7 7 7 7
6 6 6 8 7 7 7 7 0 1 2 2 3 4 5 6
-40.75953451999999
rh-2611-a
H H H H H H C C O
0 1 2 3 4 5 6 7 6 6 6 7 7 7 8 8
6 6 6 7 7 7 8 8 0 1 2 3 4 5 6 7
-46.71738425000001
rh-2612-a
H H H H H H C C O Rh Rh Rh
0 0 1 2 3 4 4 5 5 6 7 8 6 9 6 6 7 7 10 8 11 7 8 11
6 9 6 6 7 7 10 8 11 7 8 11 0 0 1 2 3 4 4 5 5 6 7 8
-47.55865891000002
rh-3401-a
H H H H C C C Rh Rh Rh Rh Rh
0 1 1 2 3 3 3 4 4 4 4 4 5 5 5 5 6 6 10 6 4 7 9 5 7 8 9 11 6 9 10 11
6 6 10 6 4 7 9 5 7 8 9 11 6 9 10 11 0 1 1 2 3 3 3 4 4 4 4 4 5 5 5 5
-42.544575820000034
rh-3601-a
H H H H H H C C C Rh Rh Rh Rh Rh
0 1 2 2 3 3 3 4 4 4 5 5 5 6 6 6 6 7 7 7 7 8 8 8 8 10 6 11 12 6 9 12 7 12 13 7 9 11 12 8 10 12 13 10
8 8 8 10 6 11 12 6 9 12 7 12 13 7 9 11 12 8 10 12 13 10 0 1 2 2 3 3 3 4 4 4 5 5 5 6 6 6 6 7 7 7 7 8
-49.932258149999996
rh-3611-a
H H H H H H C C C O Rh
0 1 2 3 3 4 5 6 7 7 6 6 6 8 10 8 8 7 8 9
6 6 6 8 10 8 8 7 8 9 0 1 2 3 3 4 5 6 7 7
-56.29111498999998
rh-3611-b
H H H H H H C C C O Rh Rh Rh
0 1 2 3 4 4 5 5 6 7 7 9 6 6 6 8 8 12 8 10 7 8 9 11
6 6 6 8 8 12 8 10 7 8 9 11 0 1 2 3 4 4 5 5 6 7 7 9
-56.68447401000003
rh-3801-a
H H H H H H H H C C C Rh
0 1 2 3 4 4 5 6 7 8 9 8 8 8 9 9 11 10 10 10 9 10
8 8 8 9 9 11 10 10 10 9 10 0 1 2 3 4 4 5 6 7 8 9
-57.45985356
rh-3811-a
H H H H H H H H C C C O Rh Rh Rh Rh Rh
0 1 2 2 3 4 4 5 5 5 6 7 7 8 9 10 10 11 8 8 8 12 9 9 14 10 13 16 10 10 16 9 11 11 15 15
8 8 8 12 9 9 14 10 13 16 10 10 16 9 11 11 15 15 0 1 2 2 3 4 4 5 5 5 6 7 7 8 9 10 10 11
-63.70697633000003
rh-3812-a
H H H H H H H H C C C O Rh Rh
0 1 2 3 3 4 5 6 7 7 8 9 10 11 8 8 8 9 13 9 10 10 11 12 9 10 11 12
8 8 8 9 13 9 10 10 11 12 9 10 11 12 0 1 2 3 3 4 5 6 7 7 8 9 10 11
-64.20325556
rh-3813-a
H H H H H H H H C C C O Rh Rh Rh Rh
0 1 2 2 3 4 5 5 6 7 7 7 8 9 9 11 8 8 8 13 10 10 10 15 9 11 12 14 9 10 11 14
8 8 8 13 10 10 10 15 9 11 12 14 9 10 11 14 0 1 2 2 3 4 5 5 6 7 7 7 8 9 9 11
-64.34019761000002
rh-4601-a
H H H H H H C C C C Rh Rh Rh Rh Rh
0 1 2 3 4 4 5 6 6 7 7 7 7 8 8 8 8 9 6 6 6 9 9 14 9 7 10 8 10 11 13 9 12 13 14 14
6 6 6 9 9 14 9 7 10 8 10 11 13 9 12 13 14 14 0 1 2 3 4 4 5 6 6 7 7 7 7 8 8 8 8 9
-57.98919108000001
rh-4602-a
H H H H H H C C C C Rh Rh Rh Rh Rh
0 1 2 3 4 4 5 5 5 6 6 6 6 6 7 7 7 7 7 8 8 8 9 9 9 14 6 11 13 7 10 11 12 13 8 11 12 13 14 9
8 8 9 9 9 14 6 11 13 7 10 11 12 13 8 11 12 13 14 9 0 1 2 3 4 4 5 5 5 6 6 6 6 6 7 7 7 7 7 8
-59.12236310000003
rh-4801-a
H H H H H H H H C C C C Rh Rh Rh Rh Rh Rh Rh
0 0 1 2 2 3 4 5 5 5 5 6 6 6 7 7 7 8 8 8 9 9 9 10 10 14 10 11 18 11 11 8 12 15 17 8 13 17 9 16 17 9 12 17 10 17 18 11
10 14 10 11 18 11 11 8 12 15 17 8 13 17 9 16 17 9 12 17 10 17 18 11 0 0 1 2 2 3 4 5 5 5 5 6 6 6 7 7 7 8 8 8 9 9 9 10
-66.52232528000002
rh-4802-a
H H H H H H H H C C C C Rh Rh Rh Rh Rh
0 1 1 2 3 3 3 4 4 4 5 6 6 7 8 8 9 9 9 9 10 10 10 10 11 8 8 14 8 9 12 15 10 13 15 11 11 16 11 9 14 10 12 14 15 11 13 15 16 16
8 8 14 8 9 12 15 10 13 15 11 11 16 11 9 14 10 12 14 15 11 13 15 16 16 0 1 1 2 3 3 3 4 4 4 5 6 6 7 8 8 9 9 9 9 10 10 10 10 11
-66.60582255000003
rh-4803-a
H H H H H H H H C C C C Rh Rh Rh Rh Rh Rh Rh
0 0 1 2 2 3 3 3 4 4 4 5 5 6 6 7 8 8 9 9 9 9 10 10 10 10 11 8 12 8 8 13 9 15 17 10 14 17 11 16 11 18 11 9 12 10 12 15 17 11 14 17 18 18
8 12 8 8 13 9 15 17 10 14 17 11 16 11 18 11 9 12 10 12 15 17 11 14 17 18 18 0 0 1 2 2 3 3 3 4 4 4 5 5 6 6 7 8 8 9 9 9 9 10 10 10 10 11
-66.57916051000001
rh-4804-a
H H H H H H H H C C C C Rh Rh Rh Rh Rh Rh Rh
0 1 2 2 3 4 5 5 6 6 6 6 7 7 7 8 8 8 9 9 9 9 10 10 11 11 8 8 8 12 10 10 10 14 11 15 16 17 11 17 18 9 12 17 10 11 13 17 14 17 16 17
8 8 8 12 10 10 10 14 11 15 16 17 11 17 18 9 12 17 10 11 13 17 14 17 16 17 0 1 2 2 3 4 5 5 6 6 6 6 7 7 7 8 8 8 9 9 9 9 10 10 11 11
-66.62496531
rh-4811-a
H H H H H H H H C C C C O Rh Rh
0 1 2 3 3 3 4 5 6 7 8 9 10 10 8 8 8 9 13 14 9 11 11 11 9 10 11 12
8 8 8 9 13 14 9 11 11 11 9 10 11 12 0 1 2 3 3 3 4 5 6 7 8 9 10 10
-72.96111012
rh-4811-b
H H H H H H H H C C C C O Rh Rh Rh Rh Rh
0 1 2 3 4 5 6 6 7 7 8 9 10 10 12 12 12 8 8 8 9 9 11 11 17 11 14 9 10 11 12 13 15 16
8 8 8 9 9 11 11 17 11 14 9 10 11 12 13 15 16 0 1 2 3 4 5 6 6 7 7 8 9 10 10 12 12 12
-73.34060831
rh-4a01-a
H H H H H H H H H H C C C C Rh Rh Rh
0 1 2 2 3 3 4 5 6 7 8 9 9 10 11 12 10 10 10 15 11 16 11 12 12 13 13 13 14 11 12 13
10 10 10 15 11 16 11 12 12 13 13 13 14 11 12 13 0 1 2 2 3 3 4 5 6 7 8 9 9 10 11 12
-74.14348281000002
rh-4a02-a
H H H H H H H H H H C C C C Rh Rh Rh
0 1 1 2 3 3 4 5 6 7 8 9 9 9 10 11 11 10 10 15 10 12 16 12 12 11 13 13 13 14 15 11 12 13
10 10 15 10 12 16 12 12 11 13 13 13 14 15 11 12 13 0 1 1 2 3 3 4 5 6 7 8 9 9 9 10 11 11
-74.14708379000001
rh-4a11-a
H H H H H H H H H H C C C C O Rh Rh Rh
0 1 2 3 4 5 5 6 7 8 8 9 9 10 11 12 13 14 10 10 10 11 11 12 16 12 13 13 15 14 17 11 12 13 14 17
10 10 10 11 11 12 16 12 13 13 15 14 17 11 12 13 14 17 0 1 2 3 4 5 5 6 7 8 8 9 9 10 11 12 13 14
-80.89095580999998
rh-4a12-a
H H H H H H H H H H C C C C O Rh Rh Rh Rh
0 1 2 2 3 4 4 5 5 5 6 7 8 9 9 10 11 11 12 14 10 10 10 16 12 12 17 14 15 18 11 13 13 13 15 11 12 14 13 18
10 10 10 16 12 12 17 14 15 18 11 13 13 13 15 11 12 14 13 18 0 1 2 2 3 4 4 5 5 5 6 7 8 9 9 10 11 11 12 14
-81.04010521999999
rh-4a13-a
H H H H H H H H H H C C C C O Rh Rh Rh Rh Rh
0 1 2 2 3 3 4 5 5 6 7 8 9 9 9 10 11 11 12 14 10 10 10 15 12 18 12 13 17 13 13 11 14 16 19 11 12 14 13 16
10 10 10 15 12 18 12 13 17 13 13 11 14 16 19 11 12 14 13 16 0 1 2 2 3 3 4 5 5 6 7 8 9 9 9 10 11 11 12 14
-81.01538421999999
rh-4a14-a
H H H H H H H H H H C C C C O Rh Rh Rh Rh Rh
0 1 2 2 3 4 5 5 6 7 8 9 9 9 10 11 11 11 14 14 10 10 10 15 12 12 12 16 13 13 13 14 17 18 11 12 13 14 18 19
10 10 10 15 12 12 12 16 13 13 13 14 17 18 11 12 13 14 18 19 0 1 2 2 3 4 5 5 6 7 8 9 9 9 10 11 11 11 14 14
-81.10058806
ru-1211-a
H H C O Ru Ru Ru Ru
0 0 1 1 2 2 2 2 3 3 3 3 2 5 2 5 3 4 5 6 4 5 6 7
2 5 2 5 3 4 5 6 4 5 6 7 0 0 1 1 2 2 2 2 3 3 3 3
-23.403450840000005
ru-2201-a
H H C C Ru Ru Ru Ru
0 0 1 1 2 2 2 2 3 3 3 2 4 3 7 3 4 5 6 5 6 7
2 4 3 7 3 4 5 6 5 6 7 0 0 1 1 2 2 2 2 3 3 3
-26.113210159999994
ru-2401-a
H H H H C C Ru Ru Ru Ru Ru
0 0 0 1 1 1 2 2 2 3 3 3 4 4 4 4 5 5 5 4 8 9 4 9 10 5 6 9 5 7 9 5 8 9 10 6 7 9
4 8 9 4 9 10 5 6 9 5 7 9 5 8 9 10 6 7 9 0 0 0 1 1 1 2 2 2 3 3 3 4 4 4 4 5 5 5
-33.1975774
ru-2411-a
H H H H C C O Ru Ru Ru Ru Ru
0 0 1 2 3 3 4 4 5 5 5 5 6 6 6 6 4 8 4 4 5 11 5 11 6 9 10 11 7 9 10 11
4 8 4 4 5 11 5 11 6 9 10 11 7 9 10 11 0 0 1 2 3 3 4 4 5 5 5 5 6 6 6 6
-40.09931895
ru-2601-a
H H H H H H C C Ru
0 1 2 2 3 4 5 6 6 6 6 8 7 7 7 7
6 6 6 8 7 7 7 7 0 1 2 2 3 4 5 6
-40.72516175999999
ru-2611-a
H H H H H H C C O
0 1 2 3 4 5 6 7 6 6 6 7 7 7 8 8
6 6 6 7 7 7 8 8 0 1 2 3 4 5 6 7
-46.64839006
ru-2612-a
H H H H H H C C O Ru Ru Ru
0 0 1 2 3 4 4 5 5 6 7 8 6 9 6 6 7 7 10 8 11 7 8 11
6 9 6 6 7 7 10 8 11 7 8 11 0 0 1 2 3 4 4 5 5 6 7 8
-47.61463327000001
ru-3401-a
H H H H C C C Ru Ru Ru Ru Ru
0 1 1 2 3 3 3 4 4 4 4 4 5 5 5 5 5 6 6 10 6 4 7 9 5 7 8 9 11 6 7 9 10 11
6 6 10 6 4 7 9 5 7 8 9 11 6 7 9 10 11 0 1 1 2 3 3 3 4 4 4 4 4 5 5 5 5 5
-42.56416804000003
ru-3601-a
H H H H H H C C C Ru Ru Ru Ru
0 0 1 2 3 3 3 4 4 4 5 5 6 6 6 6 7 7 8 8 9 8 8 6 10 11 6 11 12 7 11 7 10 11 12 8 11 11
8 9 8 8 6 10 11 6 11 12 7 11 7 10 11 12 8 11 11 0 0 1 2 3 3 3 4 4 4 5 5 6 6 6 6 7 7 8
-50.04509435
ru-3611-a
H H H H H H C C C O Ru
0 1 2 3 3 4 5 6 7 7 6 6 6 8 10 8 8 7 8 9
6 6 6 8 10 8 8 7 8 9 0 1 2 3 3 4 5 6 7 7
-56.22647703000001
ru-3611-b
H H H H H H C C C O Ru Ru Ru Ru Ru
0 1 2 3 4 4 5 5 6 7 7 9 9 9 6 6 6 8 8 14 8 11 7 8 9 10 12 13
6 6 6 8 8 14 8 11 7 8 9 10 12 13 0 1 2 3 4 4 5 5 6 7 7 9 9 9
-56.749796660000015
ru-3801-a
H H H H H H H H C C C Ru
0 1 2 3 4 4 5 6 7 8 9 8 8 8 9 9 11 10 10 10 9 10
8 8 8 9 9 11 10 10 10 9 10 0 1 2 3 4 4 5 6 7 8 9
-57.426803250000034
ru-3811-a
H H H H H H H H C C C O Ru Ru Ru Ru
0 1 2 2 3 4 4 5 5 6 7 8 9 10 11 8 8 8 15 9 9 13 10 12 10 10 9 11 11 14
8 8 8 15 9 9 13 10 12 10 10 9 11 11 14 0 1 2 2 3 4 4 5 5 6 7 8 9 10 11
-63.74803792
ru-3812-a
H H H H H H H H C C C O Ru Ru Ru
0 1 2 3 3 4 5 6 6 7 7 8 9 10 11 8 8 8 9 14 9 10 10 12 11 13 9 10 11 13
8 8 8 9 14 9 10 10 12 11 13 9 10 11 13 0 1 2 3 3 4 5 6 6 7 7 8 9 10 11
-64.26225748000002
ru-3813-a
H H H H H H H H C C C O Ru Ru Ru Ru Ru
0 1 2 2 3 4 5 5 6 7 7 7 7 8 9 9 11 8 8 8 15 10 10 10 12 9 11 13 14 16 9 10 11 16
8 8 8 15 10 10 10 12 9 11 13 14 16 9 10 11 16 0 1 2 2 3 4 5 5 6 7 7 7 7 8 9 9 11
-64.35503941000002
ru-4601-a
H H H H H H C C C C Ru Ru Ru Ru Ru
0 1 1 2 3 4 4 5 6 7 7 7 7 7 8 8 8 8 6 6 10 6 9 9 14 9 7 8 10 11 12 13 9 12 13 14
6 6 10 6 9 9 14 9 7 8 10 11 12 13 9 12 13 14 0 1 1 2 3 4 4 5 6 7 7 7 7 7 8 8 8 8
-59.325313789999996
ru-4602-a
H H H H H H C C C C Ru Ru Ru Ru Ru
0 1 1 2 3 3 4 5 5 6 6 6 6 7 7 7 7 8 8 8 12 9 9 14 9 6 10 7 10 11 13 8 11 12 13 9
8 8 12 9 9 14 9 6 10 7 10 11 13 8 11 12 13 9 0 1 1 2 3 3 4 5 5 6 6 6 6 7 7 7 7 8
-59.50017377
ru-4801-a
H H H H H H H H C C C C Ru Ru Ru Ru Ru
0 0 1 2 2 3 4 5 5 5 6 6 6 7 7 8 8 8 8 9 9 10 10 13 10 11 14 11 11 8 15 16 8 12 15 9 16 9 12 15 16 10 16 11
10 13 10 11 14 11 11 8 15 16 8 12 15 9 16 9 12 15 16 10 16 11 0 0 1 2 2 3 4 5 5 5 6 6 6 7 7 8 8 8 8 9 9 10
-66.71652968000001
ru-4802-a
H H H H H H H H C C C C Ru Ru Ru Ru Ru
0 1 1 2 3 3 3 4 4 4 5 6 6 7 8 8 9 9 9 9 10 10 10 10 11 8 8 14 8 9 12 15 10 13 15 11 11 16 11 9 14 10 12 14 15 11 13 15 16 16
8 8 14 8 9 12 15 10 13 15 11 11 16 11 9 14 10 12 14 15 11 13 15 16 16 0 1 1 2 3 3 3 4 4 4 5 6 6 7 8 8 9 9 9 9 10 10 10 10 11
-66.48668652000003
ru-4803-a
H H H H H H H H C C C C Ru Ru Ru Ru Ru Ru Ru
0 0 1 2 2 3 3 3 4 4 4 5 5 6 6 7 8 8 9 9 9 9 10 10 10 10 11 8 12 8 8 13 9 15 17 10 14 17 11 16 11 18 11 9 12 10 12 15 17 11 14 17 18 18
8 12 8 8 13 9 15 17 10 14 17 11 16 11 18 11 9 12 10 12 15 17 11 14 17 18 18 0 0 1 2 2 3 3 3 4 4 4 5 5 6 6 7 8 8 9 9 9 9 10 10 10 10 11
-66.48529142000001
ru-4804-a
H H H H H H H H C C C C Ru Ru Ru Ru Ru Ru Ru
0 1 1 2 2 3 3 4 5 5 6 6 6 6 7 7 7 7 8 8 9 9 9 9 10 11 11 11 8 8 12 8 12 10 13 10 10 14 11 15 16 17 11 16 17 18 9 12 10 11 13 17 14 16 17 18
8 8 12 8 12 10 13 10 10 14 11 15 16 17 11 16 17 18 9 12 10 11 13 17 14 16 17 18 0 1 1 2 2 3 3 4 5 5 6 6 6 6 7 7 7 7 8 8 9 9 9 9 10 11 11 11
-66.49335522000001
ru-4811-a
H H H H H H H H C C C C O Ru Ru
0 1 2 3 3 3 4 5 6 7 8 9 10 10 8 8 8 9 13 14 9 11 11 11 9 10 11 12
8 8 8 9 13 14 9 11 11 11 9 10 11 12 0 1 2 3 3 3 4 5 6 7 8 9 10 10
-72.89465698999999
ru-4811-b
H H H H H H H H C C C C O Ru Ru Ru Ru Ru
0 1 2 3 4 5 6 6 7 7 8 9 10 10 12 12 12 8 8 8 9 9 11 11 17 11 14 9 10 11 12 13 15 16
8 8 8 9 9 11 11 17 11 14 9 10 11 12 13 15 16 0 1 2 3 4 5 6 6 7 7 8 9 10 10 12 12 12
-73.41035310000001
ru-4a01-a
H H H H H H H H H H C C C C Ru Ru Ru
0 1 2 2 3 3 4 5 6 7 8 9 9 10 11 12 10 10 10 15 11 16 11 12 12 13 13 13 14 11 12 13
10 10 10 15 11 16 11 12 12 13 13 13 14 11 12 13 0 1 2 2 3 3 4 5 6 7 8 9 9 10 11 12
-74.06543597000001
ru-4a02-a
H H H H H H H H H H C C C C Ru Ru
0 1 2 3 3 4 5 6 7 8 9 9 10 11 11 10 10 10 12 15 12 12 11 13 13 13 14 11 12 13
10 10 10 12 15 12 12 11 13 13 13 14 11 12 13 0 1 2 3 3 4 5 6 7 8 9 9 10 11 11
-74.05395031
ru-4a11-a
H H H H H H H H H H C C C C O Ru Ru
0 1 2 3 4 5 5 6 7 8 9 9 10 11 12 13 14 10 10 10 11 11 12 15 12 13 13 14 16 11 12 13 14 16
10 10 10 11 11 12 15 12 13 13 14 16 11 12 13 14 16 0 1 2 3 4 5 5 6 7 8 9 9 10 11 12 13 14
-80.90074484000002
ru-4a12-a
H H H H H H H H H H C C C C O Ru Ru Ru Ru Ru
0 1 2 2 3 4 4 5 5 5 5 6 7 8 9 9 10 11 11 12 14 14 10 10 10 18 12 12 19 14 15 16 17 11 13 13 13 17 11 12 14 13 15 16
10 10 10 18 12 12 19 14 15 16 17 11 13 13 13 17 11 12 14 13 15 16 0 1 2 2 3 4 4 5 5 5 5 6 7 8 9 9 10 11 11 12 14 14
-81.04125335000003
ru-4a13-a
H H H H H H H H H H C C C C O Ru Ru Ru Ru Ru Ru
0 1 2 2 3 3 4 5 5 6 7 8 9 9 9 10 11 11 12 14 14 10 10 10 16 12 19 12 13 18 13 13 11 14 17 20 11 12 14 13 15 17
10 10 10 16 12 19 12 13 18 13 13 11 14 17 20 11 12 14 13 15 17 0 1 2 2 3 3 4 5 5 6 7 8 9 9 9 10 11 11 12 14 14
-81.01769253999998
ru-4a14-a
H H H H H H H H H H C C C C O Ru Ru Ru Ru Ru
0 1 2 2 3 4 5 5 6 7 8 9 9 9 10 11 11 11 14 14 10 10 10 15 12 12 12 16 13 13 13 14 17 18 11 12 13 14 18 19
10 10 10 15 12 12 12 16 13 13 13 14 17 18 11 12 13 14 18 19 0 1 2 2 3 4 5 5 6 7 8 9 9 9 10 11 11 11 14 14
-81.10765026000001
zn-1211-a
H H C O
0 1 2 2 2 3
2 2 3 0 1 2
-22.281876389999994
zn-2201-a
H H C C
0 1 2 2 3 3
2 3 3 0 1 2
-23.07952365
zn-2401-a
H H H H C C
0 1 2 3 4 4 4 5 5 5
4 4 5 5 5 0 1 2 3 4
-32.1718506
zn-2411-a
H H H H C C O
0 1 2 3 4 5 4 4 4 5 5 6
4 4 4 5 5 6 0 1 2 3 4 5
-39.336902949999995
zn-2601-a
H H H H H H C C
0 1 2 3 4 5 6 6 6 6 7 7 7 7
6 6 6 7 7 7 7 0 1 2 3 4 5 6
-40.69722109
zn-2611-a
H H H H H H C C O
0 1 2 3 4 5 6 7 6 6 6 7 7 7 8 8
6 6 6 7 7 7 8 8 0 1 2 3 4 5 6 7
-46.62150036999999
zn-2612-a
H H H H H H C C O Zn
0 1 2 3 4 5 6 7 8 6 6 6 7 7 8 7 8 9
6 6 6 7 7 8 7 8 9 0 1 2 3 4 5 6 7 8
-47.26769152999999
zn-3401-a
H H H H C C C Zn Zn Zn
0 1 2 3 4 4 4 4 5 5 5 5 6 6 6 4 5 7 8 9 6 7 8 9
6 6 6 4 5 7 8 9 6 7 8 9 0 1 2 3 4 4 4 4 5 5 5 5
-40.13999059
zn-3601-a
H H H H H H C C C Zn
0 1 2 3 4 5 6 6 7 8 8 8 6 6 7 7 9 8
8 8 8 6 6 7 7 9 8 0 1 2 3 4 5 6 6 7
-48.98952281
zn-3611-a
H H H H H H C C C O
0 1 2 3 4 5 6 7 7 6 6 6 8 8 8 7 8 9
6 6 6 8 8 8 7 8 9 0 1 2 3 4 5 6 7 7
-56.204850539999995
zn-3611-b
H H H H H H C C C O Zn
0 1 2 3 4 5 6 7 7 9 6 6 6 8 8 8 7 8 9 10
6 6 6 8 8 8 7 8 9 10 0 1 2 3 4 5 6 7 7 9
-56.304567739999996
zn-3801-a
H H H H H H H H C C C
0 1 2 3 4 5 6 7 8 9 8 8 8 9 9 10 10 10 9 10
8 8 8 9 9 10 10 10 9 10 0 1 2 3 4 5 6 7 8 9
-57.35529513
zn-3811-a
H H H H H H H H C C C O Zn
0 1 2 3 4 5 6 7 8 9 10 11 8 8 8 9 9 10 10 10 9 11 11 12
8 8 8 9 9 10 10 10 9 11 11 12 0 1 2 3 4 5 6 7 8 9 10 11
-63.47456292
zn-3812-a
H H H H H H H H C C C O Zn
0 1 2 3 4 5 6 7 8 9 10 11 8 8 8 9 9 10 10 11 9 10 11 12
8 8 8 9 9 10 10 11 9 10 11 12 0 1 2 3 4 5 6 7 8 9 10 11
-63.84660715
zn-3813-a
H H H H H H H H C C C O Zn
0 1 2 3 4 5 6 7 8 9 9 11 8 8 8 10 10 10 9 11 9 10 11 12
8 8 8 10 10 10 9 11 9 10 11 12 0 1 2 3 4 5 6 7 8 9 9 11
-64.03215675999999
zn-4601-a
H H H H H H C C C C
0 1 2 3 4 5 6 7 8 6 6 6 9 9 9 7 8 9
6 6 6 9 9 9 7 8 9 0 1 2 3 4 5 6 7 8
-56.980666279999994
zn-4602-a
H H H H H H C C C C Zn Zn Zn
0 1 2 3 4 5 6 6 6 6 7 7 7 7 8 8 8 9 9 9 6 7 10 11 12 8 10 11 12 9
8 8 9 9 9 6 7 10 11 12 8 10 11 12 9 0 1 2 3 4 5 6 6 6 6 7 7 7 7 8
-56.77965415999999
zn-4801-a
H H H H H H H H C C C C
0 1 2 3 4 5 6 7 8 9 10 10 10 11 11 11 8 8 9 9 10 11
10 10 11 11 11 8 8 9 9 10 11 0 1 2 3 4 5 6 7 8 9 10
-65.5918385
zn-4802-a
H H H H H H H H C C C C
0 1 2 3 4 5 6 7 8 9 10 8 8 8 9 10 11 11 11 9 10 11
8 8 8 9 10 11 11 11 9 10 11 0 1 2 3 4 5 6 7 8 9 10
-65.74936027999999
zn-4803-a
H H H H H H H H C C C C
0 1 2 3 4 5 6 7 8 9 10 8 8 8 9 10 11 11 11 9 10 11
8 8 8 9 10 11 11 11 9 10 11 0 1 2 3 4 5 6 7 8 9 10
-65.74109564
zn-4804-a
H H H H H H H H C C C C Zn
0 1 2 3 4 5 6 7 8 9 9 11 8 8 8 10 10 10 11 11 9 10 11 12
8 8 8 10 10 10 11 11 9 10 11 12 0 1 2 3 4 5 6 7 8 9 9 11
-65.8267204
zn-4811-a
H H H H H H H H C C C C O
0 1 2 3 4 5 6 7 8 9 10 10 8 8 8 9 9 11 11 11 9 10 11 12
8 8 8 9 9 11 11 11 9 10 11 12 0 1 2 3 4 5 6 7 8 9 10 10
-72.86289687
zn-4811-b
H H H H H H H H C C C C O Zn
0 1 2 3 4 5 6 7 8 9 10 10 12 8 8 8 9 9 11 11 11 9 10 11 12 13
8 8 8 9 9 11 11 11 9 10 11 12 13 0 1 2 3 4 5 6 7 8 9 10 10 12
-72.94712822999999
zn-4a01-a
H H H H H H H H H H C C C C
0 1 2 3 4 5 6 7 8 9 10 11 12 10 10 10 11 11 12 12 13 13 13 11 12 13
10 10 10 11 11 12 12 13 13 13 11 12 13 0 1 2 3 4 5 6 7 8 9 10 11 12
-74.02019648
zn-4a02-a
H H H H H H H H H H C C C C
0 1 2 3 4 5 6 7 8 9 10 11 11 10 10 10 12 12 12 11 13 13 13 11 12 13
10 10 10 12 12 12 11 13 13 13 11 12 13 0 1 2 3 4 5 6 7 8 9 10 11 11
-74.0241612
zn-4a11-a
H H H H H H H H H H C C C C O Zn
0 1 2 3 4 5 6 7 8 9 10 11 12 13 14 10 10 10 11 11 12 12 13 13 14 11 12 13 14 15
10 10 10 11 11 12 12 13 13 14 11 12 13 14 15 0 1 2 3 4 5 6 7 8 9 10 11 12 13 14
-80.47519223999998
zn-4a12-a
H H H H H H H H H H C C C C O Zn
0 1 2 3 4 5 6 7 8 9 10 11 11 12 14 10 10 10 12 12 14 11 13 13 13 11 12 14 13 15
10 10 10 12 12 14 11 13 13 13 11 12 14 13 15 0 1 2 3 4 5 6 7 8 9 10 11 11 12 14
-80.70554625
zn-4a13-a
H H H H H H H H H H C C C C O
0 1 2 3 4 5 6 7 8 9 10 11 11 12 10 10 10 12 12 13 13 13 11 14 11 12 14 13
10 10 10 12 12 13 13 13 11 14 11 12 14 13 0 1 2 3 4 5 6 7 8 9 10 11 11 12
-80.60786551000001
zn-4a14-a
H H H H H H H H H H C C C C O Zn
0 1 2 3 4 5 6 7 8 9 10 11 11 11 14 10 10 10 12 12 12 13 13 13 14 11 12 13 14 15
10 10 10 12 12 12 13 13 13 14 11 12 13 14 15 0 1 2 3 4 5 6 7 8 9 10 11 11 11 14
-80.75442791999998
