4411
H H H H C C C C O
0 1 2 3 4 4 5 6 7 4 6 5 7 5 6 7 8 8
4 6 5 7 5 6 7 8 8 0 1 2 3 4 4 5 6 7
-56.55543939
44S1
H H H H C C C C S
0 1 2 3 4 4 5 6 7 4 6 5 7 5 6 7 8 8
4 6 5 7 5 6 7 8 8 0 1 2 3 4 4 5 6 7
-54.31266135
45N1
H H H H H C C C C N
0 1 2 3 4 5 5 6 7 8 5 6 7 9 8 6 7 8 9 9
5 6 7 9 8 6 7 8 9 9 0 1 2 3 4 5 5 6 7 8
-62.42511505
55N1
H H H H H C C C C C N
0 1 2 3 4 5 5 6 7 8 9 6 5 7 8 9 6 7 10 8 9 10
6 5 7 8 9 6 7 10 8 9 10 0 1 2 3 4 5 5 6 7 8 9
-71.34773032
5601
H H H H H H C C C C C
0 1 2 3 4 5 6 6 7 8 9 10 10 6 7 8 9 7 10 8 9 10
10 10 6 7 8 9 7 10 8 9 10 0 1 2 3 4 5 6 6 7 8 9
-66.22363011
6601
H H H H H H C C C C C C
0 1 2 3 4 5 6 6 7 8 9 10 6 11 9 10 7 8 7 11 8 9 10 11
6 11 9 10 7 8 7 11 8 9 10 11 0 1 2 3 4 5 6 6 7 8 9 10
-76.15708337
6611
H H H H H H C C C C C C O
0 1 2 3 4 5 6 6 7 8 8 9 10 6 11 9 10 7 12 7 11 8 9 12 10 11
6 11 9 10 7 12 7 11 8 9 12 10 11 0 1 2 3 4 5 6 6 7 8 8 9 10
-82.88044585
66S1
H H H H H H C C C C C C S
0 1 2 3 4 5 6 6 7 8 8 9 10 12 7 9 10 6 11 7 11 8 9 12 10 11
12 7 9 10 6 11 7 11 8 9 12 10 11 0 1 2 3 4 5 6 6 7 8 8 9 10
-80.01524666
67N1
H H H H H H H C C C C C C N
0 1 2 3 4 5 6 7 7 8 9 9 10 11 13 13 8 10 11 7 12 8 12 9 10 13 11 12
13 13 8 10 11 7 12 8 12 9 10 13 11 12 0 1 2 3 4 5 6 7 7 8 9 9 10 11
-88.37193618
7801
H H H H H H H H C C C C C C C
0 1 2 3 4 5 6 7 8 8 9 10 11 12 13 14 14 14 8 11 12 9 10 9 13 10 11 12 13 14
14 14 14 8 11 12 9 10 9 13 10 11 12 13 14 0 1 2 3 4 5 6 7 8 8 9 10 11 12 13
-92.87076709
8a01
H H H H H H H H H H C C C C C C C C
0 1 2 3 4 5 6 7 8 9 10 10 11 12 12 13 14 15 16 16 16 17 17 17 13 10 11 14 11 15 12 13 17 14 15 16
16 16 16 17 17 17 13 10 11 14 11 15 12 13 17 14 15 16 0 1 2 3 4 5 6 7 8 9 10 10 11 12 12 13 14 15
-109.57925815
8a02
H H H H H H H H H H C C C C C C C C
0 1 2 3 4 5 6 7 8 9 10 10 11 12 13 13 14 15 16 16 16 17 17 17 14 10 11 12 11 15 12 13 14 17 15 16
16 16 16 17 17 17 14 10 11 12 11 15 12 13 14 17 15 16 0 1 2 3 4 5 6 7 8 9 10 10 11 12 13 13 14 15
-109.58318392
8a03
H H H H H H H H H H C C C C C C C C
0 1 2 3 4 5 6 7 8 9 10 10 11 12 12 13 13 14 10 11 15 14 16 16 16 17 17 17 11 15 12 13 16 14 17 15
10 11 15 14 16 16 16 17 17 17 11 15 12 13 16 14 17 15 0 1 2 3 4 5 6 7 8 9 10 10 11 12 12 13 13 14
-109.55710134
