ag-3611-a
H H H H H H C C C O Ag Ag
0 1 2 2 3 4 5 6 7 8 8 9 6 6 6 10 7 7 8 7 8 9 11 11
6 6 6 10 7 7 8 7 8 9 11 11 0 1 2 2 3 4 5 6 7 8 8 9
-56.037157269999994
ag-4811-a
H H H H H H H H C C C C O Ag Ag
0 1 2 3 4 4 5 6 7 8 9 10 11 11 12 8 8 8 9 9 14 10 10 11 9 10 11 12 13 13
8 8 8 9 9 14 10 10 11 9 10 11 12 13 13 0 1 2 3 4 4 5 6 7 8 9 10 11 11 12
-72.68335334
ag-4812-a
H H H H H H H H C C C C O Ag
0 1 2 3 4 5 6 7 8 9 9 10 10 12 8 8 8 10 9 11 11 11 9 10 11 12 13 13
8 8 8 10 9 11 11 11 9 10 11 12 13 13 0 1 2 3 4 5 6 7 8 9 9 10 10 12
-72.73102004
ag-4a11-a
H H H H H H H H H H C C C C O Ag Ag Ag Ag Ag
0 1 1 2 3 4 4 5 6 6 7 8 9 9 10 11 12 12 14 10 10 15 10 11 11 16 12 12 17 13 13 13 19 11 14 13 14 18
10 10 15 10 11 11 16 12 12 17 13 13 13 19 11 14 13 14 18 0 1 1 2 3 4 4 5 6 6 7 8 9 9 10 11 12 12 14
-80.28409587000002
ag-4a12-a
H H H H H H H H H H C C C C O Ag Ag Ag
0 1 2 3 4 4 5 6 7 7 8 9 10 11 12 13 14 10 10 10 11 11 17 12 12 13 15 13 13 11 12 14 14 16
10 10 10 11 11 17 12 12 13 15 13 13 11 12 14 14 16 0 1 2 3 4 4 5 6 7 7 8 9 10 11 12 13 14
-80.17400667000001
au-3611-a
H H H H H H C C C O Au Au
0 1 2 2 3 3 4 5 6 7 8 6 6 6 10 7 11 7 8 7 8 9
6 6 6 10 7 11 7 8 7 8 9 0 1 2 2 3 3 4 5 6 7 8
-56.04953777
au-4811-a
H H H H H H H H C C C C O Au Au
0 1 2 3 4 4 5 5 6 7 8 9 10 11 8 8 8 9 9 14 10 13 10 11 9 10 11 12
8 8 8 9 9 14 10 13 10 11 9 10 11 12 0 1 2 3 4 4 5 5 6 7 8 9 10 11
-72.70679087000002
au-4812-a
H H H H H H H H C C C C O Au
0 1 2 3 4 5 6 7 8 9 9 10 12 8 8 8 10 9 11 11 11 9 10 11 12 13
8 8 8 10 9 11 11 11 9 10 11 12 13 0 1 2 3 4 5 6 7 8 9 9 10 12
-72.72183499000002
au-4a11-a
H H H H H H H H H H C C C C O Au Au Au Au
0 1 1 2 3 4 4 5 6 6 7 8 9 9 10 11 12 12 10 10 18 10 11 11 16 12 12 17 13 13 13 15 11 14 13 14
10 10 18 10 11 11 16 12 12 17 13 13 13 15 11 14 13 14 0 1 1 2 3 4 4 5 6 6 7 8 9 9 10 11 12 12
-80.33499151000001
au-4a12-a
H H H H H H H H H H C C C C O Au Au
0 1 2 3 4 4 5 6 7 8 9 10 11 12 13 14 10 10 10 11 11 16 12 12 13 13 13 11 12 14 14 15
10 10 10 11 11 16 12 12 13 13 13 11 12 14 14 15 0 1 2 3 4 4 5 6 7 8 9 10 11 12 13 14
-80.2139458
cd-3611-a
H H H H H H C C C O Cd
0 1 2 3 4 5 6 7 8 9 6 6 6 7 7 8 7 8 9 10
6 6 6 7 7 8 7 8 9 10 0 1 2 3 4 5 6 7 8 9
-55.968553289999996
cd-4811-a
H H H H H H H H C C C C O Cd
0 1 2 3 4 5 6 7 8 9 10 11 12 8 8 8 9 9 10 10 11 9 10 11 12 13
8 8 8 9 9 10 10 11 9 10 11 12 13 0 1 2 3 4 5 6 7 8 9 10 11 12
-72.60956728
cd-4812-a
H H H H H H H H C C C C O Cd
0 1 2 3 4 5 6 7 8 9 9 10 12 8 8 8 10 9 11 11 11 9 10 11 12 13
8 8 8 10 9 11 11 11 9 10 11 12 13 0 1 2 3 4 5 6 7 8 9 9 10 12
-72.64650466
cd-4a11-a
H H H H H H H H H H C C C C O Cd Cd Cd
0 1 2 3 4 5 6 6 7 8 9 9 10 11 12 12 14 10 10 10 11 11 12 12 15 13 13 13 17 11 14 13 14 16
10 10 10 11 11 12 12 15 13 13 13 17 11 14 13 14 16 0 1 2 3 4 5 6 6 7 8 9 9 10 11 12 12 14
-80.19170077000001
cd-4a12-a
H H H H H H H H H H C C C C O Cd Cd
0 1 2 3 4 4 5 6 7 8 9 10 11 12 13 14 10 10 10 11 11 16 12 12 13 13 13 11 12 14 14 15
10 10 10 11 11 16 12 12 13 13 13 11 12 14 14 15 0 1 2 3 4 4 5 6 7 8 9 10 11 12 13 14
-80.08066928
co-3611-a
H H H H H H C C C O Co Co Co Co Co Co Co Co
0 1 2 3 3 4 5 5 5 6 7 8 8 8 8 9 9 9 9 9 9 6 6 6 7 14 7 8 13 15 7 8 9 11 12 15 10 13 14 15 16 17
6 6 6 7 14 7 8 13 15 7 8 9 11 12 15 10 13 14 15 16 17 0 1 2 3 3 4 5 5 5 6 7 8 8 8 8 9 9 9 9 9 9
-56.70922451000001
co-4811-a
H H H H H H H H C C C C O Co Co Co Co Co Co Co
0 1 2 3 4 4 4 5 5 6 7 7 7 7 8 9 10 10 11 11 11 11 11 12 12 12 12 8 8 8 9 9 13 15 10 14 10 11 16 18 19 9 10 11 14 12 14 15 16 18 15 16 17 18
8 8 8 9 9 13 15 10 14 10 11 16 18 19 9 10 11 14 12 14 15 16 18 15 16 17 18 0 1 2 3 4 4 4 5 5 6 7 7 7 7 8 9 10 10 11 11 11 11 11 12 12 12 12
-73.28248342
co-4812-a
H H H H H H H H C C C C O Co Co Co Co Co Co Co Co Co
0 1 1 1 2 2 2 3 3 3 4 5 6 7 7 8 9 9 10 10 10 10 12 12 12 12 12 12 8 8 14 18 8 18 20 10 17 19 9 11 11 11 15 9 10 11 12 16 18 19 13 17 18 19 20 21
8 8 14 18 8 18 20 10 17 19 9 11 11 11 15 9 10 11 12 16 18 19 13 17 18 19 20 21 0 1 1 1 2 2 2 3 3 3 4 5 6 7 7 8 9 9 10 10 10 10 12 12 12 12 12 12
-73.38445424000003
co-4a11-a
H H H H H H H H H H C C C C O Co Co Co Co Co Co
0 1 1 2 3 4 4 4 5 6 6 6 7 8 9 9 9 10 11 12 12 14 10 10 15 10 11 11 17 19 12 12 19 20 13 13 13 16 20 11 14 13 14 18
10 10 15 10 11 11 17 19 12 12 19 20 13 13 13 16 20 11 14 13 14 18 0 1 1 2 3 4 4 4 5 6 6 6 7 8 9 9 9 10 11 12 12 14
-80.31500073000001
co-4a12-a
H H H H H H H H H H C C C C O Co Co Co Co Co Co Co Co
0 1 2 3 3 3 3 4 4 4 4 5 6 7 7 7 8 9 10 11 12 13 14 14 14 10 10 10 11 17 18 20 11 16 18 19 12 12 13 15 22 13 13 11 12 14 14 19 21 22
10 10 10 11 17 18 20 11 16 18 19 12 12 13 15 22 13 13 11 12 14 14 19 21 22 0 1 2 3 3 3 3 4 4 4 4 5 6 7 7 7 8 9 10 11 12 13 14 14 14
-80.17058710000003
cu-3611-a
H H H H H H C C C O Cu Cu
0 1 2 3 4 5 6 7 8 8 9 6 6 6 7 7 8 7 8 9 11 10
6 6 6 7 7 8 7 8 9 11 10 0 1 2 3 4 5 6 7 8 8 9
-56.12212396999999
cu-4811-a
H H H H H H H H C C C C O Cu Cu Cu
0 1 2 3 4 4 5 6 7 8 9 10 11 11 11 12 8 8 8 9 9 15 10 10 11 9 10 11 12 13 14 14
8 8 8 9 9 15 10 10 11 9 10 11 12 13 14 14 0 1 2 3 4 4 5 6 7 8 9 10 11 11 11 12
-72.74432156999998
cu-4812-a
H H H H H H H H C C C C O Cu Cu
0 1 2 3 3 4 5 6 7 8 9 9 10 12 8 8 8 10 13 9 11 11 11 9 10 11 12 14
8 8 8 10 13 9 11 11 11 9 10 11 12 14 0 1 2 3 3 4 5 6 7 8 9 9 10 12
-72.80607323999999
cu-4a11-a
H H H H H H H H H H C C C C O Cu Cu Cu Cu Cu
0 1 1 2 3 4 4 5 6 6 7 8 9 9 10 11 12 12 14 10 10 15 10 11 11 16 12 12 17 13 13 13 19 11 14 13 14 18
10 10 15 10 11 11 16 12 12 17 13 13 13 19 11 14 13 14 18 0 1 1 2 3 4 4 5 6 6 7 8 9 9 10 11 12 12 14
-80.31799278
cu-4a12-a
H H H H H H H H H H C C C C O Cu Cu Cu Cu
0 1 2 3 4 4 5 5 6 7 7 8 9 10 11 12 13 13 14 10 10 10 11 11 18 12 15 12 13 16 13 13 11 12 14 14 17 17
10 10 10 11 11 18 12 15 12 13 16 13 13 11 12 14 14 17 17 0 1 2 3 4 4 5 5 6 7 7 8 9 10 11 12 13 13 14
-80.23538755999999
fe-3611-a
H H H H H H C C C O Fe Fe Fe Fe Fe Fe Fe Fe
0 1 2 2 2 3 3 4 5 5 5 5 6 7 8 8 8 8 9 9 9 9 6 6 6 12 16 7 14 7 8 10 13 17 7 8 9 10 14 17 11 15 16 17
6 6 6 12 16 7 14 7 8 10 13 17 7 8 9 10 14 17 11 15 16 17 0 1 2 2 2 3 3 4 5 5 5 5 6 7 8 8 8 8 9 9 9 9
-56.96757887999996
fe-4811-a
H H H H H H H H C C C C O Fe Fe Fe Fe Fe Fe Fe
0 1 2 3 4 4 4 4 5 6 7 7 7 8 9 10 10 11 11 11 11 11 12 12 12 12 8 8 8 9 9 15 17 19 10 10 11 13 16 9 10 11 17 12 13 16 17 19 14 16 18 19
8 8 8 9 9 15 17 19 10 10 11 13 16 9 10 11 17 12 13 16 17 19 14 16 18 19 0 1 2 3 4 4 4 4 5 6 7 7 7 8 9 10 10 11 11 11 11 11 12 12 12 12
-73.69094111999999
fe-4812-a
H H H H H H H H C C C C O Fe Fe Fe Fe Fe Fe Fe Fe
0 1 1 1 2 3 3 3 3 4 5 6 7 7 7 8 9 9 10 10 10 10 10 12 12 12 12 12 8 8 15 17 8 10 13 16 20 9 11 11 11 17 18 9 10 11 12 13 16 17 20 14 16 18 19 20
8 8 15 17 8 10 13 16 20 9 11 11 11 17 18 9 10 11 12 13 16 17 20 14 16 18 19 20 0 1 1 1 2 3 3 3 3 4 5 6 7 7 7 8 9 9 10 10 10 10 10 12 12 12 12 12
-73.7382169
fe-4a11-a
H H H H H H H H H H C C C C O Fe Fe Fe Fe
0 1 1 2 3 4 4 4 5 6 6 7 8 9 10 11 12 12 10 10 15 10 11 11 16 17 12 12 18 13 13 13 11 14 13 14
10 10 15 10 11 11 16 17 12 12 18 13 13 13 11 14 13 14 0 1 1 2 3 4 4 4 5 6 6 7 8 9 10 11 12 12
-80.28150424
fe-4a12-a
H H H H H H H H H H C C C C O Fe Fe Fe Fe Fe Fe Fe
0 1 2 3 3 3 3 4 4 5 6 7 7 7 7 8 9 10 11 12 13 14 14 14 10 10 10 11 16 18 20 11 20 12 12 13 17 19 21 13 13 11 12 14 14 15 17 21
10 10 10 11 16 18 20 11 20 12 12 13 17 19 21 13 13 11 12 14 14 15 17 21 0 1 2 3 3 3 3 4 4 5 6 7 7 7 7 8 9 10 11 12 13 14 14 14
-80.27991527999995
ir-3611-a
H H H H H H C C C O Ir Ir Ir Ir Ir
0 1 2 2 3 3 4 5 5 5 6 7 8 8 8 8 9 9 6 6 6 12 7 10 7 8 11 13 7 8 9 10 11 13 13 14
6 6 6 12 7 10 7 8 11 13 7 8 9 10 11 13 13 14 0 1 2 2 3 3 4 5 5 5 6 7 8 8 8 8 9 9
-56.14176039999995
ir-4811-a
H H H H H H H H C C C C O Ir Ir Ir Ir Ir
0 1 2 3 4 4 5 5 6 7 7 7 8 9 10 11 11 11 11 12 12 8 8 8 9 9 13 10 14 10 11 15 17 9 10 11 12 14 15 17 16 17
8 8 8 9 9 13 10 14 10 11 15 17 9 10 11 12 14 15 17 16 17 0 1 2 3 4 4 5 5 6 7 7 7 8 9 10 11 11 11 11 12 12
-72.80706322999998
ir-4812-a
H H H H H H H H C C C C O Ir Ir
0 1 2 3 3 4 5 6 7 8 9 9 10 12 8 8 8 10 13 9 11 11 11 9 10 11 12 14
8 8 8 10 13 9 11 11 11 9 10 11 12 14 0 1 2 3 3 4 5 6 7 8 9 9 10 12
-73.02415630999997
ir-4a11-a
H H H H H H H H H H C C C C O Ir Ir Ir Ir
0 1 1 2 3 4 4 5 6 6 7 8 9 9 10 11 12 12 10 10 18 10 11 11 16 12 12 17 13 13 13 15 11 14 13 14
10 10 18 10 11 11 16 12 12 17 13 13 13 15 11 14 13 14 0 1 1 2 3 4 4 5 6 6 7 8 9 9 10 11 12 12
-80.49125067
ir-4a12-a
H H H H H H H H H H C C C C O Ir Ir Ir Ir
0 1 2 3 4 4 5 5 6 7 7 8 9 10 11 12 13 14 10 10 10 11 11 18 12 15 12 13 16 13 13 11 12 14 14 17
10 10 10 11 11 18 12 15 12 13 16 13 13 11 12 14 14 17 0 1 2 3 4 4 5 5 6 7 7 8 9 10 11 12 13 14
-80.39285788999996
ni-3611-a
H H H H H H C C C O Ni Ni Ni Ni Ni Ni
0 1 2 2 3 3 4 5 5 6 7 8 8 8 8 9 9 9 6 6 6 13 7 10 7 8 11 7 8 9 10 11 14 12 14 15
6 6 6 13 7 10 7 8 11 7 8 9 10 11 14 12 14 15 0 1 2 2 3 3 4 5 5 6 7 8 8 8 8 9 9 9
-56.30318036
ni-4811-a
H H H H H H H H C C C C O Ni Ni Ni Ni Ni
0 1 2 3 4 4 5 5 6 7 7 7 8 9 10 11 11 11 11 12 12 8 8 8 9 9 13 10 14 10 11 15 17 9 10 11 12 14 15 17 16 17
8 8 8 9 9 13 10 14 10 11 15 17 9 10 11 12 14 15 17 16 17 0 1 2 3 4 4 5 5 6 7 7 7 8 9 10 11 11 11 11 12 12
-72.96608413000001
ni-4812-a
H H H H H H H H C C C C O Ni Ni
0 1 2 3 3 4 5 6 7 8 9 9 10 10 12 8 8 8 10 13 9 11 11 11 9 10 11 12 13 14
8 8 8 10 13 9 11 11 11 9 10 11 12 13 14 0 1 2 3 3 4 5 6 7 8 9 9 10 10 12
-72.98568583999997
ni-4a11-a
H H H H H H H H H H C C C C O Ni Ni Ni Ni
0 1 1 2 3 4 4 5 6 6 7 8 9 9 10 11 12 12 10 10 18 10 11 11 16 12 12 17 13 13 13 15 11 14 13 14
10 10 18 10 11 11 16 12 12 17 13 13 13 15 11 14 13 14 0 1 1 2 3 4 4 5 6 6 7 8 9 9 10 11 12 12
-80.40911222
ni-4a12-a
H H H H H H H H H H C C C C O Ni Ni Ni Ni
0 1 2 3 4 4 5 5 6 7 7 8 9 10 11 12 13 13 14 10 10 10 11 11 18 12 15 12 13 16 13 13 11 12 14 14 17 17
10 10 10 11 11 18 12 15 12 13 16 13 13 11 12 14 14 17 17 0 1 2 3 4 4 5 5 6 7 7 8 9 10 11 12 13 13 14
-80.36217060000001
os-3611-a
H H H H H H C C C O Os Os Os Os Os Os
0 1 2 2 3 3 4 5 5 5 6 7 7 8 8 8 8 9 9 9 6 6 6 13 7 10 7 8 11 14 7 8 10 9 10 11 14 12 14 15
6 6 6 13 7 10 7 8 11 14 7 8 10 9 10 11 14 12 14 15 0 1 2 2 3 3 4 5 5 5 6 7 7 8 8 8 8 9 9 9
-56.46782234
os-4811-a
H H H H H H H H C C C C O Os Os Os Os Os
0 1 2 3 4 4 5 5 6 7 7 7 8 9 10 10 11 11 11 11 12 12 8 8 8 9 9 13 10 14 10 11 15 17 9 10 11 14 12 14 15 17 16 17
8 8 8 9 9 13 10 14 10 11 15 17 9 10 11 14 12 14 15 17 16 17 0 1 2 3 4 4 5 5 6 7 7 7 8 9 10 10 11 11 11 11 12 12
-73.14009078000004
os-4812-a
H H H H H H H H C C C C O Os Os
0 1 2 3 3 4 5 6 7 8 9 9 10 10 12 8 8 8 10 13 9 11 11 11 9 10 11 12 13 14
8 8 8 10 13 9 11 11 11 9 10 11 12 13 14 0 1 2 3 3 4 5 6 7 8 9 9 10 10 12
-73.15178499000001
os-4a11-a
H H H H H H H H H H C C C C O Os Os Os Os Os
0 1 1 2 3 4 4 5 6 6 7 8 9 9 10 11 12 12 14 10 10 15 10 11 11 16 12 12 17 13 13 13 19 11 14 13 14 18
10 10 15 10 11 11 16 12 12 17 13 13 13 19 11 14 13 14 18 0 1 1 2 3 4 4 5 6 6 7 8 9 9 10 11 12 12 14
-80.45136314000001
os-4a12-a
H H H H H H H H H H C C C C O Os Os Os Os
0 1 2 3 4 4 5 5 6 7 7 8 9 10 11 12 13 14 10 10 10 11 11 18 12 15 12 13 16 13 13 11 12 14 14 17
10 10 10 11 11 18 12 15 12 13 16 13 13 11 12 14 14 17 0 1 2 3 4 4 5 5 6 7 7 8 9 10 11 12 13 14
-80.48699418000001
pd-3611-a
H H H H H H C C C O Pd Pd Pd Pd Pd
0 1 2 2 3 3 4 5 5 5 6 7 8 8 9 9 6 6 6 12 7 10 7 8 11 13 7 8 9 13 13 14
6 6 6 12 7 10 7 8 11 13 7 8 9 13 13 14 0 1 2 2 3 3 4 5 5 5 6 7 8 8 9 9
-56.23439116
pd-4811-a
H H H H H H H H C C C C O Pd Pd Pd Pd Pd
0 1 2 3 4 4 5 5 6 7 7 7 8 9 10 11 11 12 12 8 8 8 9 9 13 10 14 10 11 15 17 9 10 11 12 17 16 17
8 8 8 9 9 13 10 14 10 11 15 17 9 10 11 12 17 16 17 0 1 2 3 4 4 5 5 6 7 7 7 8 9 10 11 11 12 12
-72.91120860999999
pd-4812-a
H H H H H H H H C C C C O Pd Pd Pd Pd
0 1 2 3 3 4 5 6 7 7 7 8 9 9 10 10 10 10 12 8 8 8 10 13 9 11 11 11 15 16 9 10 11 12 13 14 15 14
8 8 8 10 13 9 11 11 11 15 16 9 10 11 12 13 14 15 14 0 1 2 3 3 4 5 6 7 7 7 8 9 9 10 10 10 10 12
-72.99861238000003
pd-4a11-a
H H H H H H H H H H C C C C O Pd Pd Pd Pd Pd
0 1 1 2 3 4 4 5 6 6 7 8 9 9 10 11 12 12 14 10 10 15 10 11 11 16 12 12 17 13 13 13 19 11 14 13 14 18
10 10 15 10 11 11 16 12 12 17 13 13 13 19 11 14 13 14 18 0 1 1 2 3 4 4 5 6 6 7 8 9 9 10 11 12 12 14
-80.50440488000001
pd-4a12-a
H H H H H H H H H H C C C C O Pd Pd Pd Pd Pd
0 1 2 3 4 4 5 5 6 7 7 8 8 9 10 11 12 13 13 14 10 10 10 11 11 15 12 16 12 13 19 13 17 13 11 12 14 14 18 18
10 10 10 11 11 15 12 16 12 13 19 13 17 13 11 12 14 14 18 18 0 1 2 3 4 4 5 5 6 7 7 8 8 9 10 11 12 13 13 14
-80.42172638000002
pt-3611-a
H H H H H H C C C O Pt Pt Pt
0 1 2 2 3 3 4 5 6 7 8 8 6 6 6 10 7 12 7 8 7 8 9 11
6 6 6 10 7 12 7 8 7 8 9 11 0 1 2 2 3 3 4 5 6 7 8 8
-56.12419725000001
pt-4811-a
H H H H H H H H C C C C O Pt Pt
0 1 2 3 4 4 5 6 7 8 9 10 11 11 12 8 8 8 9 9 14 10 10 11 9 10 11 12 13 13
8 8 8 9 9 14 10 10 11 9 10 11 12 13 13 0 1 2 3 4 4 5 6 7 8 9 10 11 11 12
-72.78491284
pt-4812-a
H H H H H H H H C C C C O Pt Pt
0 1 2 3 3 4 5 6 7 8 9 9 10 10 12 8 8 8 10 13 9 11 11 11 9 10 11 12 14 14
8 8 8 10 13 9 11 11 11 9 10 11 12 14 14 0 1 2 3 3 4 5 6 7 8 9 9 10 10 12
-72.90113932000003
pt-4a11-a
H H H H H H H H H H C C C C O Pt Pt Pt Pt
0 1 1 2 3 4 4 5 6 6 7 8 9 9 10 11 12 12 10 10 18 10 11 11 16 12 12 17 13 13 13 15 11 14 13 14
10 10 18 10 11 11 16 12 12 17 13 13 13 15 11 14 13 14 0 1 1 2 3 4 4 5 6 6 7 8 9 9 10 11 12 12
-80.52737352000003
pt-4a12-a
H H H H H H H H H H C C C C O Pt Pt Pt
0 1 2 3 4 4 5 6 7 7 8 9 10 11 12 13 14 10 10 10 11 11 17 12 12 13 15 13 13 11 12 14 14 16
10 10 10 11 11 17 12 12 13 15 13 13 11 12 14 14 16 0 1 2 3 4 4 5 6 7 7 8 9 10 11 12 13 14
-80.35354681000001
rh-3611-a
H H H H H H C C C O Rh Rh Rh Rh Rh Rh
0 1 2 2 3 3 4 5 5 5 6 7 8 8 8 8 9 9 9 6 6 6 12 7 10 7 8 11 14 7 8 9 10 11 14 13 14 15
6 6 6 12 7 10 7 8 11 14 7 8 9 10 11 14 13 14 15 0 1 2 2 3 3 4 5 5 5 6 7 8 8 8 8 9 9 9
-56.328804160000004
rh-4811-a
H H H H H H H H C C C C O Rh Rh Rh Rh Rh
0 1 2 3 4 4 5 5 6 7 7 7 8 9 10 11 11 11 12 12 8 8 8 9 9 13 10 14 10 11 15 17 9 10 11 12 14 17 16 17
8 8 8 9 9 13 10 14 10 11 15 17 9 10 11 12 14 17 16 17 0 1 2 3 4 4 5 5 6 7 7 7 8 9 10 11 11 11 12 12
-72.98526153
rh-4812-a
H H H H H H H H C C C C O Rh Rh Rh
0 1 2 3 3 4 5 6 7 8 9 9 10 10 10 12 12 8 8 8 10 13 9 11 11 11 9 10 11 12 13 14 14 15
8 8 8 10 13 9 11 11 11 9 10 11 12 13 14 14 15 0 1 2 3 3 4 5 6 7 8 9 9 10 10 10 12 12
-72.99642394
rh-4a11-a
H H H H H H H H H H C C C C O Rh Rh Rh Rh Rh
0 1 1 2 3 4 4 5 6 6 7 8 9 9 10 11 12 12 14 10 10 15 10 11 11 16 12 12 17 13 13 13 19 11 14 13 14 18
10 10 15 10 11 11 16 12 12 17 13 13 13 19 11 14 13 14 18 0 1 1 2 3 4 4 5 6 6 7 8 9 9 10 11 12 12 14
-80.43819549
rh-4a12-a
H H H H H H H H H H C C C C O Rh Rh Rh Rh Rh
0 1 2 3 4 4 5 5 6 7 7 8 8 9 10 11 12 13 13 14 10 10 10 11 11 15 12 16 12 13 19 13 17 13 11 12 14 14 18 18
10 10 10 11 11 15 12 16 12 13 19 13 17 13 11 12 14 14 18 18 0 1 2 3 4 4 5 5 6 7 7 8 8 9 10 11 12 13 13 14
-80.37649090000002
ru-3611-a
H H H H H H C C C O Ru Ru Ru Ru Ru Ru
0 1 2 2 3 3 4 5 5 6 7 8 8 8 8 8 9 9 9 6 6 6 13 7 10 7 8 11 7 8 9 10 11 12 14 12 14 15
6 6 6 13 7 10 7 8 11 7 8 9 10 11 12 14 12 14 15 0 1 2 2 3 3 4 5 5 6 7 8 8 8 8 8 9 9 9
-56.80381338000001
ru-4811-a
H H H H H H H H C C C C O Ru Ru Ru Ru Ru Ru
0 1 2 3 4 4 5 5 6 7 7 8 9 10 10 11 11 11 11 11 12 12 12 8 8 8 9 9 13 10 14 10 11 15 9 10 11 14 12 14 15 17 18 16 17 18
8 8 8 9 9 13 10 14 10 11 15 9 10 11 14 12 14 15 17 18 16 17 18 0 1 2 3 4 4 5 5 6 7 7 8 9 10 10 11 11 11 11 11 12 12 12
-73.24653562999998
ru-4812-a
H H H H H H H H C C C C O Ru Ru Ru Ru
0 1 2 3 3 4 5 6 7 8 9 9 10 10 12 12 12 8 8 8 10 13 9 11 11 11 9 10 11 12 13 14 15 16
8 8 8 10 13 9 11 11 11 9 10 11 12 13 14 15 16 0 1 2 3 3 4 5 6 7 8 9 9 10 10 12 12 12
-73.03584434999999
ru-4a11-a
H H H H H H H H H H C C C C O Ru Ru Ru Ru Ru
0 1 1 2 3 4 4 5 6 6 7 8 9 9 10 11 12 12 14 10 10 15 10 11 11 16 12 12 17 13 13 13 19 11 14 13 14 18
10 10 15 10 11 11 16 12 12 17 13 13 13 19 11 14 13 14 18 0 1 1 2 3 4 4 5 6 6 7 8 9 9 10 11 12 12 14
-80.36051731000003
ru-4a12-a
H H H H H H H H H H C C C C O Ru Ru Ru Ru
0 1 2 3 4 4 5 5 6 7 7 8 9 10 11 12 13 14 10 10 10 11 11 18 12 15 12 13 16 13 13 11 12 14 14 17
10 10 10 11 11 18 12 15 12 13 16 13 13 11 12 14 14 17 0 1 2 3 4 4 5 5 6 7 7 8 9 10 11 12 13 14
-80.39048657000001
zn-3611-a
H H H H H H C C C O
0 1 2 3 4 5 6 7 8 6 6 6 7 7 8 7 8 9
6 6 6 7 7 8 7 8 9 0 1 2 3 4 5 6 7 8
-55.99833328999999
zn-4811-a
H H H H H H H H C C C C O
0 1 2 3 4 5 6 7 8 9 10 11 8 8 8 9 9 10 10 11 9 10 11 12
8 8 8 9 9 10 10 11 9 10 11 12 0 1 2 3 4 5 6 7 8 9 10 11
-72.6429739
zn-4812-a
H H H H H H H H C C C C O Zn
0 1 2 3 4 5 6 7 8 9 9 10 12 8 8 8 10 9 11 11 11 9 10 11 12 13
8 8 8 10 9 11 11 11 9 10 11 12 13 0 1 2 3 4 5 6 7 8 9 9 10 12
-72.68275123
zn-4a11-a
H H H H H H H H H H C C C C O
0 1 2 3 4 5 6 7 8 9 10 11 12 12 10 10 10 11 11 12 12 13 13 13 11 14 13 14
10 10 10 11 11 12 12 13 13 13 11 14 13 14 0 1 2 3 4 5 6 7 8 9 10 11 12 12
-80.23159139999999
zn-4a12-a
H H H H H H H H H H C C C C O Zn
0 1 2 3 4 5 6 7 8 9 10 11 12 13 14 10 10 10 11 11 12 12 13 13 13 11 12 14 14 15
10 10 10 11 11 12 12 13 13 13 11 12 14 14 15 0 1 2 3 4 5 6 7 8 9 10 11 12 13 14
-80.12219775
