ag-1221-a
H H C O O Ag Ag
0 0 1 2 2 2 3 2 6 4 3 4 5 5
2 6 4 3 4 5 5 0 0 1 2 2 2 3
-29.97156671000002
ag-1231-a
H H C O O O Ag Ag Ag
0 1 1 1 2 2 2 3 4 5 6 7 3 4 5 8
4 5 6 7 3 4 5 8 0 1 1 1 2 2 2 3
-37.45847347
ag-2421-a
H H H H C C O O Ag Ag
0 1 2 3 4 4 4 4 6 7 5 5 5 7 5 6 7 9 9 8
5 5 5 7 5 6 7 9 9 8 0 1 2 3 4 4 4 4 6 7
-46.894539760000015
ag-2422-a
H H H H C C O O Ag
0 1 2 3 4 4 4 5 6 4 5 5 5 6 7 8 7 8
4 5 5 5 6 7 8 7 8 0 1 2 3 4 4 4 5 6
-46.31388616000001
ag-2431-a
H H H H C C O O O Ag Ag
0 1 2 2 3 4 4 4 5 6 7 5 5 10 5 6 7 8 8 9
7 5 5 10 5 6 7 8 8 9 0 1 2 2 3 4 4 4 5 6
-53.5436067
ag-3621-a
H H H H H H C C C O O Ag Ag Ag
0 1 2 2 3 4 5 6 7 8 8 8 9 10 6 6 6 13 7 7 10 7 8 9 10 12 12 11
6 6 6 13 7 7 10 7 8 9 10 12 12 11 0 1 2 2 3 4 5 6 7 8 8 8 9 10
-63.56537298000001
ag-3622-a
H H H H H H C C C O O Ag Ag
0 1 2 2 3 4 5 6 6 6 7 7 9 6 7 7 12 8 8 8 9 10 11 8 10 11
6 7 7 12 8 8 8 9 10 11 8 10 11 0 1 2 2 3 4 5 6 6 6 7 7 9
-63.08457907000002
ag-3623-a
H H H H H H C C C O O Ag Ag
0 1 2 2 3 4 5 6 6 6 8 9 7 7 7 12 8 8 8 7 9 10 10 11
7 7 7 12 8 8 8 7 9 10 10 11 0 1 2 2 3 4 5 6 6 6 8 9
-63.292863900000015
ag-3631-a
H H H H H H C C C O O O Ag Ag
0 0 1 2 3 4 5 6 6 6 6 7 7 9 11 12 7 7 8 8 8 9 10 11 13 8 10 13
11 12 7 7 8 8 8 9 10 11 13 8 10 13 0 0 1 2 3 4 5 6 6 6 6 7 7 9
-70.40425447999999
ag-3632-a
H H H H H H C C C O O O Ag Ag
0 1 2 3 4 4 5 6 6 6 7 8 9 7 7 7 8 8 13 8 9 10 11 10 11 12
7 7 7 8 8 13 8 9 10 11 10 11 12 0 1 2 3 4 4 5 6 6 6 7 8 9
-69.79534452000001
ag-4821-a
H H H H H H H H C C C C O O Ag Ag Ag
0 1 2 3 4 4 5 5 6 7 8 9 10 11 11 12 8 8 8 9 9 16 10 14 10 13 9 10 11 12 13 15
8 8 8 9 9 16 10 14 10 13 9 10 11 12 13 15 0 1 2 3 4 4 5 5 6 7 8 9 10 11 11 12
-80.18027792000001
ag-4822-a
H H H H H H H H C C C C O O Ag Ag
0 1 2 3 4 5 6 7 8 9 9 10 10 12 13 8 8 8 9 11 11 11 13 9 10 11 12 13 15 14
8 8 8 9 11 11 11 13 9 10 11 12 13 15 14 0 1 2 3 4 5 6 7 8 9 9 10 10 12 13
-80.16447893
ag-4823-a
H H H H H H H H C C C C O O Ag Ag Ag
0 1 2 2 3 3 4 5 6 7 8 8 8 9 9 10 12 8 9 9 15 10 16 10 11 11 11 12 13 14 10 13 11 14
8 9 9 15 10 16 10 11 11 11 12 13 14 10 13 11 14 0 1 2 2 3 3 4 5 6 7 8 8 8 9 9 10 12
-79.74736821000002
ag-4824-a
H H H H H H H H C C C C O O Ag Ag
0 1 2 3 4 4 5 6 7 8 8 9 9 9 12 8 10 10 10 9 15 11 11 11 12 13 10 11 13 14
8 10 10 10 9 15 11 11 11 12 13 10 11 13 14 0 1 2 3 4 4 5 6 7 8 8 9 9 9 12
-79.88133647000001
ag-4825-a
H H H H H H H H C C C C O O Ag Ag Ag
0 0 1 2 3 4 4 5 6 7 8 9 9 10 10 12 8 14 8 8 10 10 16 11 11 11 9 12 13 11 13 15
8 14 8 8 10 10 16 11 11 11 9 12 13 11 13 15 0 0 1 2 3 4 4 5 6 7 8 9 9 10 10 12
-80.05415771
ag-4826-a
H H H H H H H H C C C C O O Ag Ag Ag
0 1 2 2 3 3 4 5 6 7 8 9 10 10 11 12 8 8 8 14 9 16 9 11 11 11 9 10 12 13 13 15
8 8 8 14 9 16 9 11 11 11 9 10 12 13 13 15 0 1 2 2 3 3 4 5 6 7 8 9 10 10 11 12
-79.94997206
ag-4831-a
H H H H H H H H C C C C O O O Ag Ag
0 1 1 2 3 4 5 6 7 8 8 8 8 9 9 10 12 14 9 15 9 10 10 11 11 11 12 13 14 16 10 13 11 16
14 9 15 9 10 10 11 11 11 12 13 14 16 10 13 11 16 0 1 1 2 3 4 5 6 7 8 8 8 8 9 9 10 12
-87.06868375000002
ag-4832-a
H H H H H H H H C C C C O O O Ag Ag
0 1 2 3 4 4 5 6 7 8 8 8 9 9 9 12 13 10 10 10 9 16 11 11 11 12 13 14 10 11 14 15
13 10 10 10 9 16 11 11 11 12 13 14 10 11 14 15 0 1 2 3 4 4 5 6 7 8 8 8 9 9 9 12
-87.11150954000001
ag-4833-a
H H H H H H H H C C C C O O O Ag Ag Ag
0 1 2 2 3 3 3 4 5 6 7 8 8 8 9 10 10 9 9 9 15 10 16 17 10 11 11 11 12 13 14 13 11 14
9 9 9 15 10 16 17 10 11 11 11 12 13 14 13 11 14 0 1 2 2 3 3 3 4 5 6 7 8 8 8 9 10 10
-86.53183914000002
au-1221-a
H H C O O Au
0 1 2 2 3 2 4 3 4 5
2 4 3 4 5 0 1 2 2 3
-29.949983410000016
au-1231-a
H H C O O O Au Au Au
0 1 1 1 2 2 2 3 4 5 6 7 3 4 5 8
4 5 6 7 3 4 5 8 0 1 1 1 2 2 2 3
-37.406249340000016
au-2421-a
H H H H C C O O Au
0 1 2 3 4 4 4 6 5 5 5 7 5 6 7 8
5 5 5 7 5 6 7 8 0 1 2 3 4 4 4 6
-46.876096030000014
au-2422-a
H H H H C C O O Au Au
0 1 2 3 3 4 4 5 6 4 5 5 5 8 6 7 7 9
4 5 5 5 8 6 7 7 9 0 1 2 3 3 4 4 5 6
-46.307343180000004
au-2431-a
H H H H C C O O O Au
0 1 2 3 4 4 4 5 6 7 5 5 5 6 7 8 8 9
7 5 5 5 6 7 8 8 9 0 1 2 3 4 4 4 5 6
-53.538295480000016
au-3621-a
H H H H H H C C C O O Au
0 1 2 2 3 4 5 6 7 8 8 6 6 6 11 7 7 10 7 8 9 10
6 6 6 11 7 7 10 7 8 9 10 0 1 2 2 3 4 5 6 7 8 8
-63.56174417
au-3622-a
H H H H H H C C C O O Au Au
0 1 2 2 3 4 5 6 6 7 7 9 6 7 7 12 8 8 8 9 10 8 10 11
6 7 7 12 8 8 8 9 10 8 10 11 0 1 2 2 3 4 5 6 6 7 7 9
-63.09378774000001
au-3623-a
H H H H H H C C C O O Au
0 1 2 3 4 5 6 6 6 8 9 7 7 7 8 8 8 7 9 10 10 11
7 7 7 8 8 8 7 9 10 10 11 0 1 2 3 4 5 6 6 6 8 9
-63.26146422000002
au-3631-a
H H H H H H C C C O O O Au
0 1 2 3 4 5 6 6 6 7 7 9 11 7 7 8 8 8 9 10 11 8 10 12
11 7 7 8 8 8 9 10 11 8 10 12 0 1 2 3 4 5 6 6 6 7 7 9
-70.36747423
au-3632-a
H H H H H H C C C O O O Au Au
0 1 2 3 4 4 5 6 6 6 7 8 9 7 7 7 8 8 13 8 9 10 11 10 11 12
7 7 7 8 8 13 8 9 10 11 10 11 12 0 1 2 3 4 4 5 6 6 6 7 8 9
-69.78203611
au-4821-a
H H H H H H H H C C C C O O Au Au
0 1 2 3 4 5 5 6 7 8 9 10 11 11 12 8 8 8 9 9 10 14 10 13 9 10 11 12 13 15
8 8 8 9 9 10 14 10 13 9 10 11 12 13 15 0 1 2 3 4 5 5 6 7 8 9 10 11 11 12
-80.16632658
au-4822-a
H H H H H H H H C C C C O O Au Au
0 1 2 3 4 5 6 7 8 9 9 10 10 12 13 8 8 8 9 11 11 11 13 9 10 11 12 13 15 14
8 8 8 9 11 11 11 13 9 10 11 12 13 15 14 0 1 2 3 4 5 6 7 8 9 9 10 10 12 13
-80.15031581000002
au-4823-a
H H H H H H H H C C C C O O Au
0 1 2 2 3 4 5 6 7 8 8 9 9 10 8 9 9 14 10 10 11 11 11 12 13 10 13 11
8 9 9 14 10 10 11 11 11 12 13 10 13 11 0 1 2 2 3 4 5 6 7 8 8 9 9 10
-79.77648094
au-4824-a
H H H H H H H H C C C C O O Au Au
0 1 2 3 4 4 5 6 7 8 8 9 9 9 12 8 10 10 10 9 15 11 11 11 12 13 10 11 13 14
8 10 10 10 9 15 11 11 11 12 13 10 11 13 14 0 1 2 3 4 4 5 6 7 8 8 9 9 9 12
-79.88091416
au-4825-a
H H H H H H H H C C C C O O Au Au Au
0 0 1 2 3 4 4 5 6 7 8 9 9 10 10 12 8 14 8 8 10 10 16 11 11 11 9 12 13 11 13 15
8 14 8 8 10 10 16 11 11 11 9 12 13 11 13 15 0 0 1 2 3 4 4 5 6 7 8 9 9 10 10 12
-80.05545756000001
au-4826-a
H H H H H H H H C C C C O O Au Au
0 1 2 3 3 4 5 6 7 8 9 10 10 11 12 8 8 8 9 15 9 11 11 11 9 10 12 13 13 14
8 8 8 9 15 9 11 11 11 9 10 12 13 13 14 0 1 2 3 3 4 5 6 7 8 9 10 10 11 12
-79.93936803
au-4831-a
H H H H H H H H C C C C O O O Au Au
0 1 1 2 3 4 5 6 7 8 8 8 9 9 10 12 14 9 15 9 10 10 11 11 11 12 13 14 10 13 11 16
14 9 15 9 10 10 11 11 11 12 13 14 10 13 11 16 0 1 1 2 3 4 5 6 7 8 8 8 9 9 10 12
-87.05780787
au-4832-a
H H H H H H H H C C C C O O O Au Au
0 1 2 3 4 4 5 6 7 8 8 8 9 9 9 12 13 10 10 10 9 16 11 11 11 12 13 14 10 11 14 15
13 10 10 10 9 16 11 11 11 12 13 14 10 11 14 15 0 1 2 3 4 4 5 6 7 8 8 8 9 9 9 12
-87.10526775
au-4833-a
H H H H H H H H C C C C O O O Au
0 1 2 2 3 4 5 6 7 8 8 8 9 10 10 9 9 9 15 10 10 11 11 11 12 13 14 13 11 14
9 9 9 15 10 10 11 11 11 12 13 14 13 11 14 0 1 2 2 3 4 5 6 7 8 8 8 9 10 10
-86.56279899
cd-1221-a
H H C O O Cd
0 1 2 2 3 2 4 3 4 5
2 4 3 4 5 0 1 2 2 3
-29.91911744
cd-1231-a
H H C O O O Cd Cd Cd
0 1 1 1 2 2 2 3 4 5 6 7 3 4 5 8
4 5 6 7 3 4 5 8 0 1 1 1 2 2 2 3
-37.382417010000005
cd-2421-a
H H H H C C O O Cd
0 1 2 3 4 4 4 6 5 5 5 7 5 6 7 8
5 5 5 7 5 6 7 8 0 1 2 3 4 4 4 6
-46.81795967
cd-2422-a
H H H H C C O O Cd
0 1 2 3 4 4 5 6 4 5 5 5 6 7 7 8
4 5 5 5 6 7 7 8 0 1 2 3 4 4 5 6
-46.24902875
cd-2431-a
H H H H C C O O O Cd
0 1 2 3 4 4 4 5 6 7 5 5 5 6 7 8 8 9
7 5 5 5 6 7 8 8 9 0 1 2 3 4 4 4 5 6
-53.47675547000001
cd-3621-a
H H H H H H C C C O O Cd
0 1 2 3 4 5 6 7 8 8 9 6 6 6 7 7 10 7 8 9 10 11
6 6 6 7 7 10 7 8 9 10 11 0 1 2 3 4 5 6 7 8 8 9
-63.480724020000004
cd-3622-a
H H H H H H C C C O O Cd
0 1 2 3 4 5 6 6 7 7 9 6 7 7 8 8 8 9 10 8 10 11
6 7 7 8 8 8 9 10 8 10 11 0 1 2 3 4 5 6 6 7 7 9
-63.016240579999995
cd-3623-a
H H H H H H C C C O O Cd
0 1 2 3 4 5 6 6 6 8 9 7 7 7 8 8 8 7 9 10 10 11
7 7 7 8 8 8 7 9 10 10 11 0 1 2 3 4 5 6 6 6 8 9
-63.195659909999996
cd-3631-a
H H H H H H C C C O O O Cd
0 1 2 3 4 5 6 6 6 7 7 9 11 7 7 8 8 8 9 10 11 8 10 12
11 7 7 8 8 8 9 10 11 8 10 12 0 1 2 3 4 5 6 6 6 7 7 9
-70.2961378
cd-3632-a
H H H H H H C C C O O O Cd
0 1 2 3 4 5 6 6 6 7 8 9 7 7 7 8 8 8 9 10 11 10 11 12
7 7 7 8 8 8 9 10 11 10 11 12 0 1 2 3 4 5 6 6 6 7 8 9
-69.7059461
cd-4821-a
H H H H H H H H C C C C O O Cd
0 1 2 3 4 5 6 7 8 9 10 11 11 12 8 8 8 9 9 10 10 13 9 10 11 12 13 14
8 8 8 9 9 10 10 13 9 10 11 12 13 14 0 1 2 3 4 5 6 7 8 9 10 11 11 12
-80.08950754
cd-4822-a
H H H H H H H H C C C C O O Cd Cd
0 1 2 3 4 5 6 7 8 9 9 10 10 12 13 8 8 8 9 11 11 11 13 9 10 11 12 13 15 14
8 8 8 9 11 11 11 13 9 10 11 12 13 15 14 0 1 2 3 4 5 6 7 8 9 9 10 10 12 13
-80.07408033000002
cd-4823-a
H H H H H H H H C C C C O O Cd
0 1 2 3 4 5 6 7 8 8 9 9 10 12 8 9 9 10 10 11 11 11 12 13 10 13 11 14
8 9 9 10 10 11 11 11 12 13 10 13 11 14 0 1 2 3 4 5 6 7 8 8 9 9 10 12
-79.66508796
cd-4824-a
H H H H H H H H C C C C O O Cd Cd
0 1 2 3 4 4 5 6 7 8 8 9 9 9 12 8 10 10 10 9 15 11 11 11 12 13 10 11 13 14
8 10 10 10 9 15 11 11 11 12 13 10 11 13 14 0 1 2 3 4 4 5 6 7 8 8 9 9 9 12
-79.80323476000001
cd-4825-a
H H H H H H H H C C C C O O Cd Cd
0 1 2 3 4 4 5 6 7 8 9 9 10 10 12 8 8 8 10 10 15 11 11 11 9 12 13 11 13 14
8 8 8 10 10 15 11 11 11 9 12 13 11 13 14 0 1 2 3 4 4 5 6 7 8 9 9 10 10 12
-79.95899725999999
cd-4826-a
H H H H H H H H C C C C O O Cd
0 1 2 3 4 5 6 7 8 9 10 10 11 12 8 8 8 9 9 11 11 11 9 10 12 13 13 14
8 8 8 9 9 11 11 11 9 10 12 13 13 14 0 1 2 3 4 5 6 7 8 9 10 10 11 12
-79.84515865
cd-4831-a
H H H H H H H H C C C C O O O Cd
0 1 2 3 4 5 6 7 8 8 8 9 9 10 12 14 9 9 10 10 11 11 11 12 13 14 10 13 11 15
14 9 9 10 10 11 11 11 12 13 14 10 13 11 15 0 1 2 3 4 5 6 7 8 8 8 9 9 10 12
-86.95199618000001
cd-4832-a
H H H H H H H H C C C C O O O Cd
0 1 2 3 4 5 6 7 8 8 8 9 9 9 12 13 10 10 10 9 11 11 11 12 13 14 10 11 14 15
13 10 10 10 9 11 11 11 12 13 14 10 11 14 15 0 1 2 3 4 5 6 7 8 8 8 9 9 9 12
-87.01973735000001
cd-4833-a
H H H H H H H H C C C C O O O
0 1 2 3 4 5 6 7 8 8 8 9 10 10 9 9 9 10 10 11 11 11 12 13 14 13 11 14
9 9 9 10 10 11 11 11 12 13 14 13 11 14 0 1 2 3 4 5 6 7 8 8 8 9 10 10
-86.45473562000001
co-1221-a
H H C O O Co Co Co Co
0 0 1 2 2 2 3 3 3 3 2 5 4 3 4 7 5 6 7 8
2 5 4 3 4 7 5 6 7 8 0 0 1 2 2 2 3 3 3 3
-30.05824247000004
co-1231-a
H H C O O O Co Co Co Co Co Co Co
0 1 1 1 1 1 2 2 2 3 3 3 3 5 5 4 5 6 7 8 10 3 4 5 9 10 11 12 7 8
4 5 6 7 8 10 3 4 5 9 10 11 12 7 8 0 1 1 1 1 1 2 2 2 3 3 3 3 5 5
-37.69942271000002
co-2421-a
H H H H C C O O Co Co Co Co Co
0 1 2 2 3 3 3 4 4 4 4 4 4 6 6 6 6 7 7 7 5 5 5 9 7 8 10 5 6 7 9 10 12 9 10 11 12 9 10 12
5 5 5 9 7 8 10 5 6 7 9 10 12 9 10 11 12 9 10 12 0 1 2 2 3 3 3 4 4 4 4 4 4 6 6 6 6 7 7 7
-46.95740807000004
co-2422-a
H H H H C C O O Co Co Co Co
0 0 1 2 3 3 4 4 4 4 5 6 6 6 6 4 8 5 5 5 9 6 7 8 9 7 8 9 10 11
4 8 5 5 5 9 6 7 8 9 7 8 9 10 11 0 0 1 2 3 3 4 4 4 4 5 6 6 6 6
-46.40462550000001
co-2431-a
H H H H C C O O O Co Co Co Co Co
0 0 1 2 2 2 2 3 4 4 4 4 4 4 5 6 6 6 6 7 7 11 5 5 9 10 12 5 6 7 8 10 11 13 8 10 11 12 13 11
7 11 5 5 9 10 12 5 6 7 8 10 11 13 8 10 11 12 13 11 0 0 1 2 2 2 2 3 4 4 4 4 4 4 5 6 6 6 6 7
-53.602055070000006
co-3621-a
H H H H H H C C C O O Co Co Co Co Co Co
0 1 2 2 3 3 4 5 5 5 6 7 8 8 8 8 9 9 10 6 6 6 11 7 12 7 10 13 15 7 8 9 10 14 15 14 16 15
6 6 6 11 7 12 7 10 13 15 7 8 9 10 14 15 14 16 15 0 1 2 2 3 3 4 5 5 5 6 7 8 8 8 8 9 9 10
-63.603193360000034
co-3622-a
H H H H H H C C C O O Co Co Co Co Co
0 0 1 2 2 2 3 4 5 6 6 6 6 6 7 7 9 9 9 9 6 11 7 7 13 15 8 8 8 9 10 11 12 13 8 10 12 13 14 15
6 11 7 7 13 15 8 8 8 9 10 11 12 13 8 10 12 13 14 15 0 0 1 2 2 2 3 4 5 6 6 6 6 6 7 7 9 9 9 9
-63.19302576000001
co-3623-a
H H H H H H C C C O O Co Co Co Co Co
0 1 2 2 2 3 4 5 5 6 6 6 8 9 9 9 9 7 7 7 11 13 8 8 8 12 7 9 10 10 11 12 14 15
7 7 7 11 13 8 8 8 12 7 9 10 10 11 12 14 15 0 1 2 2 2 3 4 5 5 6 6 6 8 9 9 9 9
-63.43682787
co-3631-a
H H H H H H C C C O O O Co Co Co Co Co
0 0 0 1 1 2 3 4 5 6 6 6 6 7 7 9 9 9 9 11 11 15 16 7 12 7 8 8 8 9 10 11 13 8 10 12 13 14 15 16
11 15 16 7 12 7 8 8 8 9 10 11 13 8 10 12 13 14 15 16 0 0 0 1 1 2 3 4 5 6 6 6 6 7 7 9 9 9 9 11
-70.59167269
co-3632-a
H H H H H H C C C O O O Co Co Co Co Co
0 1 2 2 3 4 4 5 6 6 6 7 8 9 9 9 9 7 7 7 16 8 8 12 8 9 10 11 10 11 12 13 14 15
7 7 7 16 8 8 12 8 9 10 11 10 11 12 13 14 15 0 1 2 2 3 4 4 5 6 6 6 7 8 9 9 9 9
-69.88312999000004
co-4821-a
H H H H H H H H C C C C O O Co Co Co Co Co Co
0 1 2 3 4 4 5 5 5 6 7 8 9 10 11 11 11 11 12 12 12 12 13 8 8 8 9 9 15 10 14 16 10 13 9 10 11 12 13 16 18 15 16 17 18 19
8 8 8 9 9 15 10 14 16 10 13 9 10 11 12 13 16 18 15 16 17 18 19 0 1 2 3 4 4 5 5 5 6 7 8 9 10 11 11 11 11 12 12 12 12 13
-80.26110365
co-4822-a
H H H H H H H H C C C C O O Co Co Co Co Co
0 0 1 2 3 4 5 6 7 7 8 9 9 10 10 10 10 12 12 12 12 13 13 13 8 14 8 8 9 11 11 11 13 16 9 10 11 12 13 15 16 15 16 17 18 15 16 18
8 14 8 8 9 11 11 11 13 16 9 10 11 12 13 15 16 15 16 17 18 15 16 18 0 0 1 2 3 4 5 6 7 7 8 9 9 10 10 10 10 12 12 12 12 13 13 13
-80.25256416000002
co-4823-a
H H H H H H H H C C C C O O Co Co Co Co Co Co Co
0 0 1 2 2 3 3 4 5 5 6 7 8 8 8 8 8 9 9 10 12 12 12 12 8 14 9 9 18 10 19 10 11 20 11 11 12 13 14 15 16 10 13 11 15 16 17 18
8 14 9 9 18 10 19 10 11 20 11 11 12 13 14 15 16 10 13 11 15 16 17 18 0 0 1 2 2 3 3 4 5 5 6 7 8 8 8 8 8 9 9 10 12 12 12 12
-79.84952455000001
co-4824-a
H H H H H H H H C C C C O O Co Co Co Co Co
0 1 2 3 4 4 4 5 6 7 8 8 8 9 9 9 12 12 12 12 8 10 10 10 9 17 18 11 11 11 12 13 15 10 11 13 14 15 16 17
8 10 10 10 9 17 18 11 11 11 12 13 15 10 11 13 14 15 16 17 0 1 2 3 4 4 4 5 6 7 8 8 8 9 9 9 12 12 12 12
-79.90977532
co-4825-a
H H H H H H H H C C C C O O Co Co Co Co Co
0 0 1 2 3 4 4 4 5 6 7 8 9 9 10 10 12 12 12 12 12 8 14 8 8 10 10 16 18 11 11 11 9 12 13 11 13 14 15 16 17 18
8 14 8 8 10 10 16 18 11 11 11 9 12 13 11 13 14 15 16 17 18 0 0 1 2 3 4 4 4 5 6 7 8 9 9 10 10 12 12 12 12 12
-80.18457795
co-4826-a
H H H H H H H H C C C C O O Co Co Co Co Co Co Co Co
0 1 2 2 2 3 4 5 6 7 7 8 9 10 10 10 10 10 10 11 12 12 12 12 13 13 13 8 8 8 15 17 9 9 11 11 11 21 9 10 12 13 16 18 19 21 13 14 18 20 21 16 19 21
8 8 8 15 17 9 9 11 11 11 21 9 10 12 13 16 18 19 21 13 14 18 20 21 16 19 21 0 1 2 2 2 3 4 5 6 7 7 8 9 10 10 10 10 10 10 11 12 12 12 12 13 13 13
-79.87574305999999
co-4831-a
H H H H H H H H C C C C O O O Co Co Co Co Co Co
0 0 1 1 2 3 4 5 6 7 8 8 8 8 9 9 10 12 12 12 12 12 14 14 20 9 16 9 10 10 11 11 11 12 13 14 17 10 13 11 15 16 17 18 19 20
14 20 9 16 9 10 10 11 11 11 12 13 14 17 10 13 11 15 16 17 18 19 20 0 0 1 1 2 3 4 5 6 7 8 8 8 8 9 9 10 12 12 12 12 12 14
-87.24024621000001
co-4832-a
H H H H H H H H C C C C O O O Co Co Co Co Co Co
0 1 2 3 4 4 4 4 5 6 7 8 8 8 8 9 9 9 12 12 12 13 10 10 10 9 17 19 20 11 11 11 12 13 14 18 10 11 14 15 16 18
13 10 10 10 9 17 19 20 11 11 11 12 13 14 18 10 11 14 15 16 18 0 1 2 3 4 4 4 4 5 6 7 8 8 8 8 9 9 9 12 12 12
-87.19141451000002
co-4833-a
H H H H H H H H C C C C O O O Co Co Co Co Co Co Co Co
0 1 2 2 3 3 4 5 5 6 7 8 8 8 8 8 8 8 8 9 10 10 12 12 12 12 13 13 13 13 14 9 9 9 16 10 18 10 11 17 11 11 12 13 14 16 18 19 21 22 13 11 14 15 16 20 21 16 19 21 22 19
9 9 9 16 10 18 10 11 17 11 11 12 13 14 16 18 19 21 22 13 11 14 15 16 20 21 16 19 21 22 19 0 1 2 2 3 3 4 5 5 6 7 8 8 8 8 8 8 8 8 9 10 10 12 12 12 12 13 13 13 13 14
-86.23010619000001
cu-1221-a
H H C O O Cu Cu
0 0 1 2 2 2 3 2 6 4 3 4 5 5
2 6 4 3 4 5 5 0 0 1 2 2 2 3
-30.028176650000006
cu-1231-a
H H C O O O Cu Cu Cu
0 1 1 1 2 2 2 3 4 5 6 7 3 4 5 8
4 5 6 7 3 4 5 8 0 1 1 1 2 2 2 3
-37.56990257000001
cu-2421-a
H H H H C C O O Cu Cu
0 1 2 3 4 4 4 4 6 7 5 5 5 7 5 6 7 9 9 8
5 5 5 7 5 6 7 9 9 8 0 1 2 3 4 4 4 4 6 7
-46.931346709999985
cu-2422-a
H H H H C C O O Cu
0 1 2 3 4 4 4 5 6 4 5 5 5 6 7 8 7 8
4 5 5 5 6 7 8 7 8 0 1 2 3 4 4 4 5 6
-46.36657144
cu-2431-a
H H H H C C O O O Cu Cu
0 1 2 2 3 4 4 4 4 5 6 7 5 5 10 5 6 7 8 9 8 9
7 5 5 10 5 6 7 8 9 8 9 0 1 2 2 3 4 4 4 4 5 6
-53.57757505999999
cu-3621-a
H H H H H H C C C O O Cu Cu Cu
0 1 2 2 3 4 5 6 7 8 8 8 9 10 6 6 6 13 7 7 10 7 8 9 10 12 12 11
6 6 6 13 7 7 10 7 8 9 10 12 12 11 0 1 2 2 3 4 5 6 7 8 8 8 9 10
-63.605306179999985
cu-3622-a
H H H H H H C C C O O Cu Cu
0 1 2 2 3 4 5 6 6 6 7 7 9 6 7 7 12 8 8 8 9 10 11 8 10 11
6 7 7 12 8 8 8 9 10 11 8 10 11 0 1 2 2 3 4 5 6 6 6 7 7 9
-63.13484338000001
cu-3623-a
H H H H H H C C C O O Cu Cu Cu
0 1 2 2 3 4 5 6 6 6 8 9 9 7 7 7 13 8 8 8 7 9 10 10 11 12
7 7 7 13 8 8 8 7 9 10 10 11 12 0 1 2 2 3 4 5 6 6 6 8 9 9
-63.36938552999999
cu-3631-a
H H H H H H C C C O O O Cu Cu
0 0 1 2 3 4 5 6 6 6 6 7 7 9 11 12 7 7 8 8 8 9 10 11 13 8 10 13
11 12 7 7 8 8 8 9 10 11 13 8 10 13 0 0 1 2 3 4 5 6 6 6 6 7 7 9
-70.51455271
cu-3632-a
H H H H H H C C C O O O Cu Cu Cu
0 1 2 2 3 4 4 5 6 6 6 7 8 9 7 7 7 12 8 8 14 8 9 10 11 10 11 13
7 7 7 12 8 8 14 8 9 10 11 10 11 13 0 1 2 2 3 4 4 5 6 6 6 7 8 9
-69.85466419
cu-4821-a
H H H H H H H H C C C C O O Cu Cu Cu
0 1 2 3 4 4 5 5 6 7 8 9 10 11 11 12 8 8 8 9 9 16 10 14 10 13 9 10 11 12 13 15
8 8 8 9 9 16 10 14 10 13 9 10 11 12 13 15 0 1 2 3 4 4 5 5 6 7 8 9 10 11 11 12
-80.25721585
cu-4822-a
H H H H H H H H C C C C O O Cu Cu
0 1 2 3 4 5 6 7 8 9 9 10 10 10 12 13 8 8 8 9 11 11 11 13 9 10 11 12 13 15 15 14
8 8 8 9 11 11 11 13 9 10 11 12 13 15 15 14 0 1 2 3 4 5 6 7 8 9 9 10 10 10 12 13
-80.19635306999999
cu-4823-a
H H H H H H H H C C C C O O Cu
0 1 2 3 4 5 6 7 8 8 8 9 9 10 12 8 9 9 10 10 11 11 11 12 13 14 10 13 11 14
8 9 9 10 10 11 11 11 12 13 14 10 13 11 14 0 1 2 3 4 5 6 7 8 8 8 9 9 10 12
-79.80174568000001
cu-4824-a
H H H H H H H H C C C C O O Cu Cu
0 1 2 3 4 4 5 6 7 8 8 9 9 9 12 8 10 10 10 9 15 11 11 11 12 13 10 11 13 14
8 10 10 10 9 15 11 11 11 12 13 10 11 13 14 0 1 2 3 4 4 5 6 7 8 8 9 9 9 12
-79.92801011
cu-4825-a
H H H H H H H H C C C C O O Cu Cu Cu
0 0 1 2 3 4 4 5 6 7 8 9 9 9 10 10 12 8 14 8 8 10 10 16 11 11 11 9 12 13 15 11 13 15
8 14 8 8 10 10 16 11 11 11 9 12 13 15 11 13 15 0 0 1 2 3 4 4 5 6 7 8 9 9 9 10 10 12
-80.12788867
cu-4826-a
H H H H H H H H C C C C O O Cu Cu Cu
0 1 2 2 3 3 4 5 6 7 8 9 10 10 11 12 8 8 8 14 9 16 9 11 11 11 9 10 12 13 13 15
8 8 8 14 9 16 9 11 11 11 9 10 12 13 13 15 0 1 2 2 3 3 4 5 6 7 8 9 10 10 11 12
-80.030103
cu-4831-a
H H H H H H H H C C C C O O O Cu Cu Cu
0 0 0 1 2 3 4 5 6 7 8 8 8 8 9 9 10 12 14 16 17 9 9 10 10 11 11 11 12 13 14 15 10 13 11 15
14 16 17 9 9 10 10 11 11 11 12 13 14 15 10 13 11 15 0 0 0 1 2 3 4 5 6 7 8 8 8 8 9 9 10 12
-87.18622488
cu-4832-a
H H H H H H H H C C C C O O O Cu Cu
0 1 2 3 4 4 5 6 7 8 8 8 9 9 9 12 13 10 10 10 9 16 11 11 11 12 13 14 10 11 14 15
13 10 10 10 9 16 11 11 11 12 13 14 10 11 14 15 0 1 2 3 4 4 5 6 7 8 8 8 9 9 9 12
-87.17212778999999
cu-4833-a
H H H H H H H H C C C C O O O Cu Cu Cu Cu
0 1 2 2 3 3 3 4 5 6 7 8 8 8 9 10 10 12 9 9 9 15 10 16 18 10 11 11 11 12 13 14 13 11 14 17
9 9 9 15 10 16 18 10 11 11 11 12 13 14 13 11 14 17 0 1 2 2 3 3 3 4 5 6 7 8 8 8 9 10 10 12
-86.58787065000001
fe-1221-a
H H C O O Fe Fe Fe Fe Fe Fe
0 1 1 2 2 3 3 3 3 4 4 4 2 4 5 3 4 6 8 9 10 5 7 10
2 4 5 3 4 6 8 9 10 5 7 10 0 1 1 2 2 3 3 3 3 4 4 4
-30.083849249999957
fe-1231-a
H H C O O O Fe Fe Fe Fe Fe Fe Fe
0 0 1 1 1 1 2 2 2 2 2 2 3 3 3 3 4 4 4 5 5 5 4 12 5 6 7 10 3 4 5 7 10 12 8 9 10 12 9 11 12 7 10 12
4 12 5 6 7 10 3 4 5 7 10 12 8 9 10 12 9 11 12 7 10 12 0 0 1 1 1 1 2 2 2 2 2 2 3 3 3 3 4 4 4 5 5 5
-37.50562421999996
fe-2421-a
H H H H C C O O Fe Fe Fe Fe
0 1 2 2 3 4 4 4 4 4 4 6 6 6 6 7 5 5 5 11 7 5 6 7 8 9 11 8 9 10 11 8
5 5 5 11 7 5 6 7 8 9 11 8 9 10 11 8 0 1 2 2 3 4 4 4 4 4 4 6 6 6 6 7
-46.98915065
fe-2422-a
H H H H C C O O Fe Fe Fe Fe Fe Fe Fe Fe
0 0 0 1 2 2 2 3 3 3 4 4 4 4 4 5 6 6 6 6 4 10 15 5 5 9 11 5 8 11 6 7 8 12 15 7 9 13 14 15
4 10 15 5 5 9 11 5 8 11 6 7 8 12 15 7 9 13 14 15 0 0 0 1 2 2 2 3 3 3 4 4 4 4 4 5 6 6 6 6
-46.70887392999998
fe-2431-a
H H H H C C O O O Fe Fe Fe Fe Fe
0 1 2 2 2 3 4 4 4 4 4 4 5 6 6 6 6 7 7 5 5 10 11 5 6 7 8 9 11 13 8 9 11 12 13 9
7 5 5 10 11 5 6 7 8 9 11 13 8 9 11 12 13 9 0 1 2 2 2 3 4 4 4 4 4 4 5 6 6 6 6 7
-53.64472437999996
fe-3621-a
H H H H H H C C C O O Fe Fe Fe Fe Fe Fe Fe Fe
0 1 2 2 2 3 4 5 5 5 6 7 8 8 8 8 8 8 9 9 9 9 9 10 10 10 6 6 6 13 15 7 7 10 11 14 7 8 9 10 11 14 15 18 12 14 16 17 18 11 12 14
6 6 6 13 15 7 7 10 11 14 7 8 9 10 11 14 15 18 12 14 16 17 18 11 12 14 0 1 2 2 2 3 4 5 5 5 6 7 8 8 8 8 8 8 9 9 9 9 9 10 10 10
-64.12386361999995
fe-3622-a
H H H H H H C C C O O Fe Fe Fe Fe Fe Fe Fe Fe
0 0 1 2 3 4 5 5 6 6 6 6 6 6 6 7 7 9 9 9 9 10 10 10 10 6 18 7 7 8 8 8 12 9 10 11 13 15 16 18 8 10 13 14 17 18 12 13 15 18
6 18 7 7 8 8 8 12 9 10 11 13 15 16 18 8 10 13 14 17 18 12 13 15 18 0 0 1 2 3 4 5 5 6 6 6 6 6 6 6 7 7 9 9 9 9 10 10 10 10
-63.45015403999997
fe-3623-a
H H H H H H C C C O O Fe Fe Fe Fe Fe Fe Fe
0 0 1 2 3 4 5 5 6 6 6 6 6 6 6 6 7 8 9 9 9 9 10 10 10 10 7 11 7 7 8 8 8 13 7 9 10 13 14 15 16 17 16 10 12 13 15 16 13 14 16 17
7 11 7 7 8 8 8 13 7 9 10 13 14 15 16 17 16 10 12 13 15 16 13 14 16 17 0 0 1 2 3 4 5 5 6 6 6 6 6 6 6 6 7 8 9 9 9 9 10 10 10 10
-63.78523080999997
fe-3631-a
H H H H H H C C C O O O Fe Fe Fe Fe Fe
0 0 0 0 1 1 2 3 4 5 6 6 6 6 6 7 7 9 9 9 9 11 11 11 12 13 14 7 16 7 8 8 8 9 10 11 14 16 8 10 13 14 15 16 13 14
11 12 13 14 7 16 7 8 8 8 9 10 11 14 16 8 10 13 14 15 16 13 14 0 0 0 0 1 1 2 3 4 5 6 6 6 6 6 7 7 9 9 9 9 11 11
-70.73684922999996
fe-3632-a
H H H H H H C C C O O O Fe Fe Fe Fe Fe Fe
0 1 1 2 2 3 4 4 5 6 6 6 7 8 9 9 9 9 7 7 13 7 14 8 8 15 8 9 10 11 10 11 12 13 16 17
7 7 13 7 14 8 8 15 8 9 10 11 10 11 12 13 16 17 0 1 1 2 2 3 4 4 5 6 6 6 7 8 9 9 9 9
-69.94363371999998
fe-4821-a
H H H H H H H H C C C C O O Fe Fe Fe Fe Fe Fe
0 1 2 3 4 4 5 5 5 6 7 8 9 10 11 11 11 11 11 12 12 12 12 13 8 8 8 9 9 16 10 14 19 10 13 9 10 11 12 13 15 18 19 16 17 18 19 15
8 8 8 9 9 16 10 14 19 10 13 9 10 11 12 13 15 18 19 16 17 18 19 15 0 1 2 3 4 4 5 5 5 6 7 8 9 10 11 11 11 11 11 12 12 12 12 13
-80.36179705999996
fe-4822-a
H H H H H H H H C C C C O O Fe Fe Fe Fe Fe
0 1 2 3 4 5 6 7 7 7 8 9 9 10 10 10 10 12 12 12 12 13 13 13 8 8 8 9 11 11 11 13 14 16 9 10 11 12 13 16 18 15 16 17 18 14 15 16
8 8 8 9 11 11 11 13 14 16 9 10 11 12 13 16 18 15 16 17 18 14 15 16 0 1 2 3 4 5 6 7 7 7 8 9 9 10 10 10 10 12 12 12 12 13 13 13
-80.33152889999997
fe-4823-a
H H H H H H H H C C C C O O Fe Fe Fe Fe Fe Fe Fe Fe
0 0 0 1 2 2 2 2 3 3 4 5 6 7 8 8 8 8 8 8 9 9 10 12 12 12 12 13 8 17 19 9 9 16 20 21 10 18 10 11 11 11 12 13 14 17 19 21 10 13 11 15 17 20 21 21
8 17 19 9 9 16 20 21 10 18 10 11 11 11 12 13 14 17 19 21 10 13 11 15 17 20 21 21 0 0 0 1 2 2 2 2 3 3 4 5 6 7 8 8 8 8 8 8 9 9 10 12 12 12 12 13
-80.11641721999996
fe-4824-a
H H H H H H H H C C C C O O Fe Fe Fe Fe Fe Fe
0 1 2 3 4 4 4 4 5 6 7 8 8 9 9 9 12 12 12 12 12 8 10 10 10 9 15 16 17 11 11 11 12 13 10 11 13 14 15 17 18 19
8 10 10 10 9 15 16 17 11 11 11 12 13 10 11 13 14 15 17 18 19 0 1 2 3 4 4 4 4 5 6 7 8 8 9 9 9 12 12 12 12 12
-80.05517024
fe-4825-a
H H H H H H H H C C C C O O Fe Fe Fe Fe Fe Fe Fe
0 1 1 1 2 3 4 4 4 5 6 7 8 9 9 9 10 10 12 12 12 12 12 8 8 14 18 8 10 10 15 16 11 11 11 9 12 13 14 11 13 14 15 17 19 20
8 8 14 18 8 10 10 15 16 11 11 11 9 12 13 14 11 13 14 15 17 19 20 0 1 1 1 2 3 4 4 4 5 6 7 8 9 9 9 10 10 12 12 12 12 12
-80.25233300999997
fe-4826-a
H H H H H H H H C C C C O O Fe Fe Fe Fe Fe Fe Fe Fe Fe
0 1 2 2 2 2 3 3 4 5 5 6 7 7 8 9 9 10 10 10 10 10 10 11 11 12 12 12 12 13 13 13 13 8 8 8 14 17 18 9 19 9 11 18 11 11 16 9 10 17 12 13 17 19 21 22 13 16 17 20 21 22 15 16 18 22
8 8 8 14 17 18 9 19 9 11 18 11 11 16 9 10 17 12 13 17 19 21 22 13 16 17 20 21 22 15 16 18 22 0 1 2 2 2 2 3 3 4 5 5 6 7 7 8 9 9 10 10 10 10 10 10 11 11 12 12 12 12 13 13 13 13
-79.85684734999995
fe-4831-a
H H H H H H H H C C C C O O O Fe Fe Fe Fe Fe Fe Fe Fe Fe
0 0 1 1 1 2 3 4 4 4 5 6 7 8 8 8 8 8 8 8 8 8 9 9 10 12 12 12 12 13 13 13 14 17 9 18 22 9 10 10 20 23 11 11 11 12 13 14 16 17 19 21 22 23 10 13 11 15 17 21 22 17 22 23
14 17 9 18 22 9 10 10 20 23 11 11 11 12 13 14 16 17 19 21 22 23 10 13 11 15 17 21 22 17 22 23 0 0 1 1 1 2 3 4 4 4 5 6 7 8 8 8 8 8 8 8 8 8 9 9 10 12 12 12 12 13 13 13
-87.39605997999996
fe-4832-a
H H H H H H H H C C C C O O O Fe Fe Fe Fe Fe Fe
0 1 2 3 4 4 4 4 5 6 7 8 8 8 8 8 9 9 9 12 12 12 12 13 13 10 10 10 9 16 19 20 11 11 11 12 13 14 17 20 10 11 14 15 17 18 20 17
13 10 10 10 9 16 19 20 11 11 11 12 13 14 17 20 10 11 14 15 17 18 20 17 0 1 2 3 4 4 4 4 5 6 7 8 8 8 8 8 9 9 9 12 12 12 12 13
-87.26134509999997
fe-4833-a
H H H H H H H H C C C C O O O Fe Fe Fe Fe Fe Fe Fe Fe
0 1 2 3 3 3 4 5 6 7 8 8 8 8 8 8 8 9 10 10 12 12 12 12 12 13 13 13 14 9 9 9 10 17 19 10 11 11 11 12 13 14 16 17 21 22 13 11 14 15 16 17 20 21 16 18 22 22
9 9 9 10 17 19 10 11 11 11 12 13 14 16 17 21 22 13 11 14 15 16 17 20 21 16 18 22 22 0 1 2 3 3 3 4 5 6 7 8 8 8 8 8 8 8 9 10 10 12 12 12 12 12 13 13 13 14
-86.67003151999995
ir-1221-a
H H C O O Ir Ir
0 0 1 2 2 2 3 2 6 4 3 4 5 5
2 6 4 3 4 5 5 0 0 1 2 2 2 3
-30.135651549999977
ir-1231-a
H H C O O O Ir Ir Ir
0 1 1 1 2 2 2 3 4 5 6 7 3 4 5 8
4 5 6 7 3 4 5 8 0 1 1 1 2 2 2 3
-37.727785479999966
ir-2421-a
H H H H C C O O Ir Ir
0 1 2 3 4 4 4 4 6 7 5 5 5 7 5 6 7 9 9 8
5 5 5 7 5 6 7 9 9 8 0 1 2 3 4 4 4 4 6 7
-46.93391847999999
ir-2422-a
H H H H C C O O Ir Ir
0 0 1 2 3 4 4 5 6 4 9 5 5 5 6 7 7 8
4 9 5 5 5 6 7 7 8 0 0 1 2 3 4 4 5 6
-46.50255615999998
ir-2431-a
H H H H C C O O O Ir
0 1 2 3 4 4 4 4 5 6 7 5 5 5 6 7 8 9 8 9
7 5 5 5 6 7 8 9 8 9 0 1 2 3 4 4 4 4 5 6
-53.60434547999995
ir-3621-a
H H H H H H C C C O O Ir Ir
0 1 2 3 4 5 6 7 8 8 8 9 10 6 6 6 7 7 10 7 8 9 10 12 12 11
6 6 6 7 7 10 7 8 9 10 12 12 11 0 1 2 3 4 5 6 7 8 8 8 9 10
-63.60693667999999
ir-3622-a
H H H H H H C C C O O Ir Ir
0 1 2 3 4 5 6 6 6 6 7 7 9 6 7 7 8 8 8 9 10 11 12 8 10 12
6 7 7 8 8 8 9 10 11 12 8 10 12 0 1 2 3 4 5 6 6 6 6 7 7 9
-63.22640863999999
ir-3623-a
H H H H H H C C C O O Ir Ir Ir
0 0 1 2 2 3 4 5 6 6 6 8 9 7 11 7 7 13 8 8 8 7 9 10 10 12
7 11 7 7 13 8 8 8 7 9 10 10 12 0 0 1 2 2 3 4 5 6 6 6 8 9
-63.48878275999999
ir-3631-a
H H H H H H C C C O O O Ir Ir Ir
0 0 0 1 2 3 4 5 6 6 6 7 7 9 11 12 14 7 7 8 8 8 9 10 11 8 10 13
11 12 14 7 7 8 8 8 9 10 11 8 10 13 0 0 0 1 2 3 4 5 6 6 6 7 7 9
-70.72330266999995
ir-3632-a
H H H H H H C C C O O O Ir Ir Ir
0 1 2 2 3 4 4 5 6 6 6 7 8 9 7 7 7 12 8 8 14 8 9 10 11 10 11 13
7 7 7 12 8 8 14 8 9 10 11 10 11 13 0 1 2 2 3 4 4 5 6 6 6 7 8 9
-69.86364753999999
ir-4821-a
H H H H H H H H C C C C O O Ir Ir Ir
0 1 2 3 4 4 5 5 6 7 8 9 10 11 11 12 8 8 8 9 9 16 10 14 10 13 9 10 11 12 13 15
8 8 8 9 9 16 10 14 10 13 9 10 11 12 13 15 0 1 2 3 4 4 5 5 6 7 8 9 10 11 11 12
-80.34899545999997
ir-4822-a
H H H H H H H H C C C C O O Ir Ir
0 1 2 3 4 5 6 7 8 9 9 10 10 12 13 8 8 8 9 11 11 11 13 9 10 11 12 13 15 14
8 8 8 9 11 11 11 13 9 10 11 12 13 15 14 0 1 2 3 4 5 6 7 8 9 9 10 10 12 13
-80.27321979999999
ir-4823-a
H H H H H H H H C C C C O O Ir
0 1 2 3 4 5 6 7 8 8 8 9 9 10 12 8 9 9 10 10 11 11 11 12 13 14 10 13 11 14
8 9 9 10 10 11 11 11 12 13 14 10 13 11 14 0 1 2 3 4 5 6 7 8 8 8 9 9 10 12
-79.88856195999995
ir-4824-a
H H H H H H H H C C C C O O Ir Ir
0 1 2 3 4 4 5 6 7 8 8 9 9 9 12 8 10 10 10 9 15 11 11 11 12 13 10 11 13 14
8 10 10 10 9 15 11 11 11 12 13 10 11 13 14 0 1 2 3 4 4 5 6 7 8 8 9 9 9 12
-79.9575643
ir-4825-a
H H H H H H H H C C C C O O Ir Ir
0 0 1 2 3 4 5 6 7 8 9 9 10 10 12 8 14 8 8 10 10 11 11 11 9 12 13 11 13 15
8 14 8 8 10 10 11 11 11 9 12 13 11 13 15 0 0 1 2 3 4 5 6 7 8 9 9 10 10 12
-80.21265068999998
ir-4826-a
H H H H H H H H C C C C O O Ir Ir Ir
0 1 2 2 3 3 4 5 6 7 8 9 10 10 11 12 8 8 8 14 9 16 9 11 11 11 9 10 12 13 13 15
8 8 8 14 9 16 9 11 11 11 9 10 12 13 13 15 0 1 2 2 3 3 4 5 6 7 8 9 10 10 11 12
-80.11938726999995
ir-4831-a
H H H H H H H H C C C C O O O Ir Ir Ir
0 0 0 1 2 3 4 5 6 7 8 8 8 9 9 10 12 14 16 17 9 9 10 10 11 11 11 12 13 14 10 13 11 15
14 16 17 9 9 10 10 11 11 11 12 13 14 10 13 11 15 0 0 0 1 2 3 4 5 6 7 8 8 8 9 9 10 12
-87.44394176999998
ir-4832-a
H H H H H H H H C C C C O O O Ir Ir
0 1 2 3 4 4 5 6 7 8 8 8 8 9 9 9 12 13 10 10 10 9 16 11 11 11 12 13 14 15 10 11 14 15
13 10 10 10 9 16 11 11 11 12 13 14 15 10 11 14 15 0 1 2 3 4 4 5 6 7 8 8 8 8 9 9 9 12
-87.21431819999998
ir-4833-a
H H H H H H H H C C C C O O O Ir
0 1 2 2 3 4 5 6 7 8 8 8 9 10 10 9 9 9 15 10 10 11 11 11 12 13 14 13 11 14
9 9 9 15 10 10 11 11 11 12 13 14 13 11 14 0 1 2 2 3 4 5 6 7 8 8 8 9 10 10
-86.58285942999998
ni-1221-a
H H C O O Ni Ni
0 0 1 2 2 2 3 2 6 4 3 4 5 5
2 6 4 3 4 5 5 0 0 1 2 2 2 3
-30.12620430999999
ni-1231-a
H H C O O O Ni Ni Ni
0 1 1 1 2 2 2 3 4 5 6 7 3 4 5 8
4 5 6 7 3 4 5 8 0 1 1 1 2 2 2 3
-37.745074629999976
ni-2421-a
H H H H C C O O Ni Ni
0 1 2 2 3 4 4 4 6 5 5 5 9 7 5 6 7 8
5 5 5 9 7 5 6 7 8 0 1 2 2 3 4 4 4 6
-47.08158473999998
ni-2422-a
H H H H C C O O Ni
0 1 2 3 4 4 4 5 6 4 5 5 5 6 7 8 7 8
4 5 5 5 6 7 8 7 8 0 1 2 3 4 4 4 5 6
-46.47635681999998
ni-2431-a
H H H H C C O O O Ni Ni
0 1 2 2 3 4 4 4 4 5 6 7 5 5 10 5 6 7 8 9 8 9
7 5 5 10 5 6 7 8 9 8 9 0 1 2 2 3 4 4 4 4 5 6
-53.63756196999998
ni-3621-a
H H H H H H C C C O O Ni Ni
0 1 2 3 4 5 6 7 8 8 8 9 10 6 6 6 7 7 10 7 8 9 10 12 12 11
6 6 6 7 7 10 7 8 9 10 12 12 11 0 1 2 3 4 5 6 7 8 8 8 9 10
-63.66126269
ni-3622-a
H H H H H H C C C O O Ni Ni
0 1 2 3 4 5 6 6 6 6 7 7 9 6 7 7 8 8 8 9 10 11 12 8 10 12
6 7 7 8 8 8 9 10 11 12 8 10 12 0 1 2 3 4 5 6 6 6 6 7 7 9
-63.250849019999976
ni-3623-a
H H H H H H C C C O O Ni Ni Ni
0 1 2 2 3 4 5 6 6 6 8 9 9 7 7 7 13 8 8 8 7 9 10 10 11 12
7 7 7 13 8 8 8 7 9 10 10 11 12 0 1 2 2 3 4 5 6 6 6 8 9 9
-63.50121122999997
ni-3631-a
H H H H H H C C C O O O Ni Ni Ni
0 0 0 1 2 3 4 5 6 6 6 7 7 9 11 12 14 7 7 8 8 8 9 10 11 8 10 13
11 12 14 7 7 8 8 8 9 10 11 8 10 13 0 0 0 1 2 3 4 5 6 6 6 7 7 9
-70.72064042
ni-3632-a
H H H H H H C C C O O O Ni Ni
0 1 2 3 4 4 5 6 6 6 7 8 9 7 7 7 8 8 13 8 9 10 11 10 11 12
7 7 7 8 8 13 8 9 10 11 10 11 12 0 1 2 3 4 4 5 6 6 6 7 8 9
-69.95655206999999
ni-4821-a
H H H H H H H H C C C C O O Ni Ni
0 1 2 3 4 5 5 6 7 8 9 10 11 11 12 8 8 8 9 9 10 14 10 13 9 10 11 12 13 15
8 8 8 9 9 10 14 10 13 9 10 11 12 13 15 0 1 2 3 4 5 5 6 7 8 9 10 11 11 12
-80.41062376999997
ni-4822-a
H H H H H H H H C C C C O O Ni Ni
0 1 2 3 4 5 6 7 8 9 9 10 10 10 12 13 8 8 8 9 11 11 11 13 9 10 11 12 13 15 15 14
8 8 8 9 11 11 11 13 9 10 11 12 13 15 15 14 0 1 2 3 4 5 6 7 8 9 9 10 10 10 12 13
-80.31290581000002
ni-4823-a
H H H H H H H H C C C C O O Ni
0 1 2 3 4 5 6 7 8 8 8 9 9 10 12 8 9 9 10 10 11 11 11 12 13 14 10 13 11 14
8 9 9 10 10 11 11 11 12 13 14 10 13 11 14 0 1 2 3 4 5 6 7 8 8 8 9 9 10 12
-79.93546857000001
ni-4824-a
H H H H H H H H C C C C O O Ni Ni
0 1 2 3 4 4 5 6 7 8 8 9 9 9 12 8 10 10 10 9 15 11 11 11 12 13 10 11 13 14
8 10 10 10 9 15 11 11 11 12 13 10 11 13 14 0 1 2 3 4 4 5 6 7 8 8 9 9 9 12
-80.03652210999996
ni-4825-a
H H H H H H H H C C C C O O Ni Ni Ni
0 0 1 2 3 4 4 5 6 7 8 9 9 10 10 12 8 14 8 8 10 10 16 11 11 11 9 12 13 11 13 15
8 14 8 8 10 10 16 11 11 11 9 12 13 11 13 15 0 0 1 2 3 4 4 5 6 7 8 9 9 10 10 12
-80.25045075999998
ni-4826-a
H H H H H H H H C C C C O O Ni Ni Ni
0 1 2 2 3 3 4 5 6 7 8 9 10 10 11 12 8 8 8 14 9 16 9 11 11 11 9 10 12 13 13 15
8 8 8 14 9 16 9 11 11 11 9 10 12 13 13 15 0 1 2 2 3 3 4 5 6 7 8 9 10 10 11 12
-80.15945083999998
ni-4831-a
H H H H H H H H C C C C O O O Ni Ni Ni
0 0 0 1 2 3 4 5 6 7 8 8 8 9 9 10 12 14 16 17 9 9 10 10 11 11 11 12 13 14 10 13 11 15
14 16 17 9 9 10 10 11 11 11 12 13 14 10 13 11 15 0 0 0 1 2 3 4 5 6 7 8 8 8 9 9 10 12
-87.45860999999996
ni-4832-a
H H H H H H H H C C C C O O O Ni Ni
0 1 2 3 4 4 5 6 7 8 8 8 9 9 9 12 13 10 10 10 9 16 11 11 11 12 13 14 10 11 14 15
13 10 10 10 9 16 11 11 11 12 13 14 10 11 14 15 0 1 2 3 4 4 5 6 7 8 8 8 9 9 9 12
-87.25478841
ni-4833-a
H H H H H H H H C C C C O O O Ni Ni Ni
0 1 2 2 3 3 4 5 6 7 8 8 8 9 10 10 12 9 9 9 15 10 17 10 11 11 11 12 13 14 13 11 14 16
9 9 9 15 10 17 10 11 11 11 12 13 14 13 11 14 16 0 1 2 2 3 3 4 5 6 7 8 8 8 9 10 10 12
-86.65142431999999
os-1221-a
H H C O O Os Os
0 0 1 2 2 2 3 2 6 4 3 4 5 5
2 6 4 3 4 5 5 0 0 1 2 2 2 3
-30.268471500000032
os-1231-a
H H C O O O Os Os Os
0 1 1 1 2 2 2 3 4 5 6 7 3 4 5 8
4 5 6 7 3 4 5 8 0 1 1 1 2 2 2 3
-37.91441715000008
os-2421-a
H H H H C C O O Os Os
0 1 2 3 3 4 4 4 4 6 7 7 5 5 5 7 8 5 6 7 8 9 8 9
5 5 5 7 8 5 6 7 8 9 8 9 0 1 2 3 3 4 4 4 4 6 7 7
-47.19738493
os-2422-a
H H H H C C O O Os
0 1 2 3 4 4 4 5 6 4 5 5 5 6 7 8 7 8
4 5 5 5 6 7 8 7 8 0 1 2 3 4 4 4 5 6
-46.65502579000008
os-2431-a
H H H H C C O O O Os
0 1 2 3 4 4 4 4 5 6 7 5 5 5 6 7 8 9 8 9
7 5 5 5 6 7 8 9 8 9 0 1 2 3 4 4 4 4 5 6
-53.71638251000002
os-3621-a
H H H H H H C C C O O Os Os
0 1 2 3 4 5 5 6 7 8 8 8 9 10 10 6 6 6 7 7 10 11 7 8 9 10 11 12 11 12
6 6 6 7 7 10 11 7 8 9 10 11 12 11 12 0 1 2 3 4 5 5 6 7 8 8 8 9 10 10
-63.83399673000008
os-3622-a
H H H H H H C C C O O Os Os Os
0 1 2 2 3 4 5 6 6 6 6 7 7 9 6 7 7 13 8 8 8 9 10 11 12 8 10 12
6 7 7 13 8 8 8 9 10 11 12 8 10 12 0 1 2 2 3 4 5 6 6 6 6 7 7 9
-63.34135600000002
os-3623-a
H H H H H H C C C O O Os Os Os Os
0 0 1 2 2 3 4 5 6 6 6 8 9 9 7 12 7 7 14 8 8 8 7 9 10 10 11 13
7 12 7 7 14 8 8 8 7 9 10 10 11 13 0 0 1 2 2 3 4 5 6 6 6 8 9 9
-63.64904390000004
os-3631-a
H H H H H H C C C O O O Os Os Os
0 0 0 0 1 2 3 4 5 6 6 6 7 7 9 11 12 13 14 7 7 8 8 8 9 10 11 8 10 13
11 12 13 14 7 7 8 8 8 9 10 11 8 10 13 0 0 0 0 1 2 3 4 5 6 6 6 7 7 9
-70.89069675000007
os-3632-a
H H H H H H C C C O O O Os Os Os
0 1 2 2 3 4 4 5 6 6 6 6 7 8 9 7 7 7 12 8 8 14 8 9 10 11 13 10 11 13
7 7 7 12 8 8 14 8 9 10 11 13 10 11 13 0 1 2 2 3 4 4 5 6 6 6 6 7 8 9
-69.95508195000002
os-4821-a
H H H H H H H H C C C C O O Os Os Os Os
0 0 1 2 3 4 4 5 5 6 7 8 9 10 11 11 12 8 17 8 8 9 9 16 10 14 10 13 9 10 11 12 13 15
8 17 8 8 9 9 16 10 14 10 13 9 10 11 12 13 15 0 0 1 2 3 4 4 5 5 6 7 8 9 10 11 11 12
-80.5246557800001
os-4822-a
H H H H H H H H C C C C O O Os Os
0 1 2 3 4 5 6 7 7 8 9 9 10 10 12 13 8 8 8 9 11 11 11 13 14 9 10 11 12 13 15 14
8 8 8 9 11 11 11 13 14 9 10 11 12 13 15 14 0 1 2 3 4 5 6 7 7 8 9 9 10 10 12 13
-80.5275485200001
os-4823-a
H H H H H H H H C C C C O O Os
0 1 2 3 4 5 6 7 8 8 9 9 10 12 8 9 9 10 10 11 11 11 12 13 10 13 11 14
8 9 9 10 10 11 11 11 12 13 10 13 11 14 0 1 2 3 4 5 6 7 8 8 9 9 10 12
-80.08571376000009
os-4824-a
H H H H H H H H C C C C O O Os Os
0 1 2 3 4 4 5 6 7 8 8 8 9 9 9 12 8 10 10 10 9 15 11 11 11 12 13 14 10 11 13 14
8 10 10 10 9 15 11 11 11 12 13 14 10 11 13 14 0 1 2 3 4 4 5 6 7 8 8 8 9 9 9 12
-80.07089774000008
os-4825-a
H H H H H H H H C C C C O O Os Os Os Os
0 0 1 1 2 3 4 5 6 7 8 9 9 10 10 12 12 8 14 8 17 8 10 10 11 11 11 9 12 13 11 13 15 16
8 14 8 17 8 10 10 11 11 11 9 12 13 11 13 15 16 0 0 1 1 2 3 4 5 6 7 8 9 9 10 10 12 12
-80.42477540000004
os-4826-a
H H H H H H H H C C C C O O Os Os Os Os
0 1 2 2 3 3 4 5 6 7 8 9 10 10 11 12 12 8 8 8 14 9 17 9 11 11 11 9 10 12 13 13 15 16
8 8 8 14 9 17 9 11 11 11 9 10 12 13 13 15 16 0 1 2 2 3 3 4 5 6 7 8 9 10 10 11 12 12
-80.26850533000004
os-4831-a
H H H H H H H H C C C C O O O Os Os Os
0 0 0 1 2 3 4 5 6 7 8 8 8 9 9 10 12 14 16 17 9 9 10 10 11 11 11 12 13 14 10 13 11 15
14 16 17 9 9 10 10 11 11 11 12 13 14 10 13 11 15 0 0 0 1 2 3 4 5 6 7 8 8 8 9 9 10 12
-87.60604105000004
os-4832-a
H H H H H H H H C C C C O O O Os Os
0 1 2 3 4 4 5 6 7 8 8 8 8 9 9 9 12 13 10 10 10 9 16 11 11 11 12 13 14 15 10 11 14 15
13 10 10 10 9 16 11 11 11 12 13 14 15 10 11 14 15 0 1 2 3 4 4 5 6 7 8 8 8 8 9 9 9 12
-87.32232084000009
os-4833-a
H H H H H H H H C C C C O O O Os Os
0 1 2 2 3 3 4 5 6 7 8 8 8 9 10 10 9 9 9 15 10 16 10 11 11 11 12 13 14 13 11 14
9 9 9 15 10 16 10 11 11 11 12 13 14 13 11 14 0 1 2 2 3 3 4 5 6 7 8 8 8 9 10 10
-86.52925955
pd-1221-a
H H C O O Pd Pd
0 0 1 2 2 2 3 2 6 4 3 4 5 5
2 6 4 3 4 5 5 0 0 1 2 2 2 3
-30.115251099999995
pd-1231-a
H H C O O O Pd Pd Pd
0 1 1 1 1 2 2 2 3 4 5 6 7 8 3 4 5 8
4 5 6 7 8 3 4 5 8 0 1 1 1 1 2 2 2 3
-37.694503010000034
pd-2421-a
H H H H C C O O Pd Pd Pd
0 1 2 2 3 4 4 4 4 4 6 7 5 5 5 10 7 5 6 7 9 10 9 8
5 5 5 10 7 5 6 7 9 10 9 8 0 1 2 2 3 4 4 4 4 4 6 7
-47.02353381999998
pd-2422-a
H H H H C C O O Pd Pd Pd
0 1 2 3 3 4 4 4 4 5 6 4 5 5 5 9 6 7 8 10 7 10
4 5 5 5 9 6 7 8 10 7 10 0 1 2 3 3 4 4 4 4 5 6
-46.485764569999986
pd-2431-a
H H H H C C O O O Pd Pd
0 1 2 2 3 4 4 4 4 5 6 7 5 5 10 5 6 7 8 9 8 9
7 5 5 10 5 6 7 8 9 8 9 0 1 2 2 3 4 4 4 4 5 6
-53.67203657000002
pd-3621-a
H H H H H H C C C O O Pd Pd Pd Pd
0 1 2 2 3 4 5 6 7 8 8 8 8 9 10 6 6 6 14 7 7 10 7 8 9 10 11 13 13 12
6 6 6 14 7 7 10 7 8 9 10 11 13 13 12 0 1 2 2 3 4 5 6 7 8 8 8 8 9 10
-63.71613227000003
pd-3622-a
H H H H H H C C C O O Pd Pd Pd
0 1 2 2 3 4 5 6 6 6 6 7 7 9 6 7 7 13 8 8 8 9 10 11 12 8 10 12
6 7 7 13 8 8 8 9 10 11 12 8 10 12 0 1 2 2 3 4 5 6 6 6 6 7 7 9
-63.27046500000003
pd-3623-a
H H H H H H C C C O O Pd Pd
0 1 2 2 3 4 5 6 6 6 8 9 7 7 7 12 8 8 8 7 9 10 10 11
7 7 7 12 8 8 8 7 9 10 10 11 0 1 2 2 3 4 5 6 6 6 8 9
-63.47626318000002
pd-3631-a
H H H H H H C C C O O O Pd Pd
0 0 1 2 3 4 5 6 6 6 6 7 7 9 11 12 7 7 8 8 8 9 10 11 13 8 10 13
11 12 7 7 8 8 8 9 10 11 13 8 10 13 0 0 1 2 3 4 5 6 6 6 6 7 7 9
-70.61091976999998
pd-3632-a
H H H H H H C C C O O O Pd Pd Pd Pd
0 1 2 2 2 3 4 4 5 6 6 6 6 7 8 9 7 7 7 12 13 8 8 15 8 9 10 11 14 10 11 14
7 7 7 12 13 8 8 15 8 9 10 11 14 10 11 14 0 1 2 2 2 3 4 4 5 6 6 6 6 7 8 9
-69.98687029999999
pd-4821-a
H H H H H H H H C C C C O O Pd Pd Pd Pd
0 0 1 2 3 4 4 5 5 5 6 7 8 9 10 11 11 12 8 16 8 8 9 9 17 10 14 17 10 13 9 10 11 12 13 15
8 16 8 8 9 9 17 10 14 17 10 13 9 10 11 12 13 15 0 0 1 2 3 4 4 5 5 5 6 7 8 9 10 11 11 12
-80.41757289
pd-4822-a
H H H H H H H H C C C C O O Pd Pd
0 1 2 3 4 5 6 7 8 9 9 10 10 10 12 13 8 8 8 9 11 11 11 13 9 10 11 12 13 15 15 14
8 8 8 9 11 11 11 13 9 10 11 12 13 15 15 14 0 1 2 3 4 5 6 7 8 9 9 10 10 10 12 13
-80.33406213999999
pd-4823-a
H H H H H H H H C C C C O O Pd Pd Pd Pd Pd
0 1 2 2 3 3 4 5 5 6 7 8 8 8 8 9 9 10 12 8 9 9 16 10 18 10 11 14 11 11 12 13 15 17 10 13 11 15
8 9 9 16 10 18 10 11 14 11 11 12 13 15 17 10 13 11 15 0 1 2 2 3 3 4 5 5 6 7 8 8 8 8 9 9 10 12
-79.97491841000002
pd-4824-a
H H H H H H H H C C C C O O Pd Pd
0 1 2 3 4 4 5 6 7 8 8 9 9 9 12 8 10 10 10 9 15 11 11 11 12 13 10 11 13 14
8 10 10 10 9 15 11 11 11 12 13 10 11 13 14 0 1 2 3 4 4 5 6 7 8 8 9 9 9 12
-80.06511380999999
pd-4825-a
H H H H H H H H C C C C O O Pd Pd Pd
0 0 1 2 3 4 4 5 6 7 8 9 9 9 10 10 12 8 14 8 8 10 10 16 11 11 11 9 12 13 15 11 13 15
8 14 8 8 10 10 16 11 11 11 9 12 13 15 11 13 15 0 0 1 2 3 4 4 5 6 7 8 9 9 9 10 10 12
-80.25712182000004
pd-4826-a
H H H H H H H H C C C C O O Pd Pd Pd Pd
0 1 2 2 3 3 4 5 6 7 7 8 9 10 10 10 11 12 8 8 8 14 9 17 9 11 11 11 16 9 10 12 13 15 13 15
8 8 8 14 9 17 9 11 11 11 16 9 10 12 13 15 13 15 0 1 2 2 3 3 4 5 6 7 7 8 9 10 10 10 11 12
-80.16597512000001
pd-4831-a
H H H H H H H H C C C C O O O Pd Pd Pd Pd Pd
0 0 0 1 1 2 3 4 5 6 7 7 8 8 8 8 9 9 10 12 14 14 16 19 9 17 9 10 10 11 11 11 15 12 13 14 18 10 13 11 18 19
14 16 19 9 17 9 10 10 11 11 11 15 12 13 14 18 10 13 11 18 19 0 0 0 1 1 2 3 4 5 6 7 7 8 8 8 8 9 9 10 12 14
-87.31638416000001
pd-4832-a
H H H H H H H H C C C C O O O Pd Pd Pd
0 1 2 3 4 4 4 5 6 7 8 8 8 8 9 9 9 12 13 10 10 10 9 15 17 11 11 11 12 13 14 16 10 11 14 16
13 10 10 10 9 15 17 11 11 11 12 13 14 16 10 11 14 16 0 1 2 3 4 4 4 5 6 7 8 8 8 8 9 9 9 12
-87.27926060000001
pd-4833-a
H H H H H H H H C C C C O O O Pd Pd Pd Pd Pd
0 1 2 2 3 3 3 4 5 6 7 8 8 8 9 10 10 12 12 9 9 9 19 10 15 16 10 11 11 11 12 13 14 13 11 14 17 18
9 9 9 19 10 15 16 10 11 11 11 12 13 14 13 11 14 17 18 0 1 2 2 3 3 3 4 5 6 7 8 8 8 9 10 10 12 12
-86.70270588000002
pt-1221-a
H H C O O Pt Pt
0 0 1 2 2 2 3 2 6 4 3 4 5 5
2 6 4 3 4 5 5 0 0 1 2 2 2 3
-30.069304620000025
pt-1231-a
H H C O O O Pt Pt Pt
0 1 1 1 2 2 2 3 4 5 6 7 3 4 5 8
4 5 6 7 3 4 5 8 0 1 1 1 2 2 2 3
-37.615594180000016
pt-2421-a
H H H H C C O O Pt Pt
0 1 2 3 4 4 4 6 7 5 5 5 7 5 6 7 9 8
5 5 5 7 5 6 7 9 8 0 1 2 3 4 4 4 6 7
-46.93698347000003
pt-2422-a
H H H H C C O O Pt
0 1 2 3 4 4 4 5 6 4 5 5 5 6 7 8 7 8
4 5 5 5 6 7 8 7 8 0 1 2 3 4 4 4 5 6
-46.40658718999998
pt-2431-a
H H H H C C O O O Pt Pt
0 1 2 2 3 4 4 4 5 6 7 5 5 10 5 6 7 8 8 9
7 5 5 10 5 6 7 8 8 9 0 1 2 2 3 4 4 4 5 6
-53.60288158000003
pt-3621-a
H H H H H H C C C O O Pt Pt
0 1 2 2 3 4 5 6 7 8 8 9 6 6 6 12 7 7 10 7 8 9 10 11
6 6 6 12 7 7 10 7 8 9 10 11 0 1 2 2 3 4 5 6 7 8 8 9
-63.63296986
pt-3622-a
H H H H H H C C C O O Pt Pt
0 1 2 2 3 4 5 6 6 6 7 7 9 6 7 7 12 8 8 8 9 10 11 8 10 11
6 7 7 12 8 8 8 9 10 11 8 10 11 0 1 2 2 3 4 5 6 6 6 7 7 9
-63.18550591000002
pt-3623-a
H H H H H H C C C O O Pt Pt
0 1 2 2 3 4 5 6 6 6 8 9 7 7 7 12 8 8 8 7 9 10 10 11
7 7 7 12 8 8 8 7 9 10 10 11 0 1 2 2 3 4 5 6 6 6 8 9
-63.40807311000003
pt-3631-a
H H H H H H C C C O O O Pt Pt
0 0 1 2 3 4 5 6 6 6 6 7 7 9 11 12 7 7 8 8 8 9 10 11 13 8 10 13
11 12 7 7 8 8 8 9 10 11 13 8 10 13 0 0 1 2 3 4 5 6 6 6 6 7 7 9
-70.56327464999998
pt-3632-a
H H H H H H C C C O O O Pt Pt
0 1 2 3 4 4 5 6 6 6 7 8 9 7 7 7 8 8 13 8 9 10 11 10 11 12
7 7 7 8 8 13 8 9 10 11 10 11 12 0 1 2 3 4 4 5 6 6 6 7 8 9
-69.87437239000002
pt-4821-a
H H H H H H H H C C C C O O Pt Pt
0 1 2 3 4 5 5 6 7 8 9 10 11 11 12 8 8 8 9 9 10 14 10 13 9 10 11 12 13 15
8 8 8 9 9 10 14 10 13 9 10 11 12 13 15 0 1 2 3 4 5 5 6 7 8 9 10 11 11 12
-80.30890671999998
pt-4822-a
H H H H H H H H C C C C O O Pt Pt
0 1 2 3 4 5 6 7 8 9 9 10 10 10 12 13 8 8 8 9 11 11 11 13 9 10 11 12 13 15 15 14
8 8 8 9 11 11 11 13 9 10 11 12 13 15 15 14 0 1 2 3 4 5 6 7 8 9 9 10 10 10 12 13
-80.22509164000002
pt-4823-a
H H H H H H H H C C C C O O Pt Pt
0 1 2 2 3 4 5 6 7 8 8 8 9 9 10 12 8 9 9 15 10 10 11 11 11 12 13 14 10 13 11 14
8 9 9 15 10 10 11 11 11 12 13 14 10 13 11 14 0 1 2 2 3 4 5 6 7 8 8 8 9 9 10 12
-79.86033599000001
pt-4824-a
H H H H H H H H C C C C O O Pt Pt
0 1 2 3 4 4 5 6 7 8 8 9 9 9 12 8 10 10 10 9 15 11 11 11 12 13 10 11 13 14
8 10 10 10 9 15 11 11 11 12 13 10 11 13 14 0 1 2 3 4 4 5 6 7 8 8 9 9 9 12
-79.9687341
pt-4825-a
H H H H H H H H C C C C O O Pt Pt Pt
0 0 1 2 3 4 4 5 6 7 8 9 9 9 10 10 12 8 14 8 8 10 10 16 11 11 11 9 12 13 15 11 13 15
8 14 8 8 10 10 16 11 11 11 9 12 13 15 11 13 15 0 0 1 2 3 4 4 5 6 7 8 9 9 9 10 10 12
-80.17289557999999
pt-4826-a
H H H H H H H H C C C C O O Pt Pt Pt
0 1 2 2 3 3 4 5 6 7 8 9 10 10 10 11 12 8 8 8 14 9 16 9 11 11 11 9 10 12 13 15 13 15
8 8 8 14 9 16 9 11 11 11 9 10 12 13 15 13 15 0 1 2 2 3 3 4 5 6 7 8 9 10 10 10 11 12
-80.07474098
pt-4831-a
H H H H H H H H C C C C O O O Pt Pt Pt
0 0 0 1 2 3 4 5 6 7 8 8 8 8 9 9 10 12 14 16 17 9 9 10 10 11 11 11 12 13 14 15 10 13 11 15
14 16 17 9 9 10 10 11 11 11 12 13 14 15 10 13 11 15 0 0 0 1 2 3 4 5 6 7 8 8 8 8 9 9 10 12
-87.23555663000002
pt-4832-a
H H H H H H H H C C C C O O O Pt Pt
0 1 2 3 4 4 5 6 7 8 8 8 9 9 9 12 13 10 10 10 9 16 11 11 11 12 13 14 10 11 14 15
13 10 10 10 9 16 11 11 11 12 13 14 10 11 14 15 0 1 2 3 4 4 5 6 7 8 8 8 9 9 9 12
-87.18758285000001
pt-4833-a
H H H H H H H H C C C C O O O Pt Pt
0 1 2 2 3 3 4 5 6 7 8 8 8 9 10 10 9 9 9 15 10 16 10 11 11 11 12 13 14 13 11 14
9 9 9 15 10 16 10 11 11 11 12 13 14 13 11 14 0 1 2 2 3 3 4 5 6 7 8 8 8 9 10 10
-86.62792654999998
rh-1221-a
H H C O O Rh Rh
0 0 1 2 2 2 3 2 6 4 3 4 5 5
2 6 4 3 4 5 5 0 0 1 2 2 2 3
-30.140664300000026
rh-1231-a
H H C O O O Rh Rh Rh
0 1 1 1 1 2 2 2 3 4 5 6 7 8 3 4 5 8
4 5 6 7 8 3 4 5 8 0 1 1 1 1 2 2 2 3
-37.74508795000003
rh-2421-a
H H H H C C O O Rh Rh Rh
0 1 2 3 4 4 4 4 4 6 7 5 5 5 7 5 6 7 9 10 9 8
5 5 5 7 5 6 7 9 10 9 8 0 1 2 3 4 4 4 4 4 6 7
-47.00112442
rh-2422-a
H H H H C C O O Rh
0 1 2 3 4 4 4 5 6 4 5 5 5 6 7 8 7 8
4 5 5 5 6 7 8 7 8 0 1 2 3 4 4 4 5 6
-46.48303578000002
rh-2431-a
H H H H C C O O O Rh Rh
0 1 2 2 3 4 4 4 4 5 6 7 5 5 10 5 6 7 8 9 8 9
7 5 5 10 5 6 7 8 9 8 9 0 1 2 2 3 4 4 4 4 5 6
-53.64765040999998
rh-3621-a
H H H H H H C C C O O Rh Rh Rh Rh
0 1 2 2 3 4 5 6 7 8 8 8 8 9 10 6 6 6 14 7 7 10 7 8 9 10 11 13 13 12
6 6 6 14 7 7 10 7 8 9 10 11 13 13 12 0 1 2 2 3 4 5 6 7 8 8 8 8 9 10
-63.66949374000001
rh-3622-a
H H H H H H C C C O O Rh Rh Rh
0 1 2 2 3 4 5 6 6 6 6 7 7 9 6 7 7 13 8 8 8 9 10 11 12 8 10 12
6 7 7 13 8 8 8 9 10 11 12 8 10 12 0 1 2 2 3 4 5 6 6 6 6 7 7 9
-63.25614809000001
rh-3623-a
H H H H H H C C C O O Rh Rh Rh
0 1 2 2 3 4 5 6 6 6 8 9 9 7 7 7 13 8 8 8 7 9 10 10 11 12
7 7 7 13 8 8 8 7 9 10 10 11 12 0 1 2 2 3 4 5 6 6 6 8 9 9
-63.49040507000001
rh-3631-a
H H H H H H C C C O O O Rh Rh Rh Rh
0 0 1 2 3 4 5 6 6 6 6 7 7 9 9 9 11 12 7 7 8 8 8 9 10 11 14 8 10 13 14 15
11 12 7 7 8 8 8 9 10 11 14 8 10 13 14 15 0 0 1 2 3 4 5 6 6 6 6 7 7 9 9 9
-70.64414086
rh-3632-a
H H H H H H C C C O O O Rh Rh Rh Rh
0 1 2 2 2 3 4 4 5 6 6 6 7 8 9 7 7 7 12 13 8 8 15 8 9 10 11 10 11 14
7 7 7 12 13 8 8 15 8 9 10 11 10 11 14 0 1 2 2 2 3 4 4 5 6 6 6 7 8 9
-69.93787147
rh-4821-a
H H H H H H H H C C C C O O Rh Rh Rh
0 1 2 3 4 4 5 5 6 7 8 9 10 11 11 12 8 8 8 9 9 16 10 14 10 13 9 10 11 12 13 15
8 8 8 9 9 16 10 14 10 13 9 10 11 12 13 15 0 1 2 3 4 4 5 5 6 7 8 9 10 11 11 12
-80.39962186000002
rh-4822-a
H H H H H H H H C C C C O O Rh Rh
0 1 2 3 4 5 6 7 8 9 9 10 10 10 12 13 8 8 8 9 11 11 11 13 9 10 11 12 13 15 15 14
8 8 8 9 11 11 11 13 9 10 11 12 13 15 15 14 0 1 2 3 4 5 6 7 8 9 9 10 10 10 12 13
-80.32090054000003
rh-4823-a
H H H H H H H H C C C C O O Rh Rh Rh Rh
0 1 2 2 3 3 4 5 6 7 8 8 8 8 9 9 10 12 8 9 9 15 10 17 10 11 11 11 12 13 14 16 10 13 11 14
8 9 9 15 10 17 10 11 11 11 12 13 14 16 10 13 11 14 0 1 2 2 3 3 4 5 6 7 8 8 8 8 9 9 10 12
-79.92568484000003
rh-4824-a
H H H H H H H H C C C C O O Rh Rh
0 1 2 3 4 4 5 6 7 8 8 8 9 9 9 12 8 10 10 10 9 15 11 11 11 12 13 14 10 11 13 14
8 10 10 10 9 15 11 11 11 12 13 14 10 11 13 14 0 1 2 3 4 4 5 6 7 8 8 8 9 9 9 12
-80.02320280999999
rh-4825-a
H H H H H H H H C C C C O O Rh Rh Rh
0 0 1 2 3 4 4 5 6 7 8 9 9 9 10 10 12 8 14 8 8 10 10 16 11 11 11 9 12 13 15 11 13 15
8 14 8 8 10 10 16 11 11 11 9 12 13 15 11 13 15 0 0 1 2 3 4 4 5 6 7 8 9 9 9 10 10 12
-80.24001762
rh-4826-a
H H H H H H H H C C C C O O Rh Rh Rh
0 1 2 2 3 3 4 5 6 7 8 9 10 10 11 12 8 8 8 14 9 16 9 11 11 11 9 10 12 13 13 15
8 8 8 14 9 16 9 11 11 11 9 10 12 13 13 15 0 1 2 2 3 3 4 5 6 7 8 9 10 10 11 12
-80.14612402
rh-4831-a
H H H H H H H H C C C C O O O Rh Rh Rh Rh
0 0 0 1 1 2 3 4 5 6 7 8 8 8 8 9 9 10 12 12 14 14 17 18 9 15 9 10 10 11 11 11 12 13 14 16 10 13 11 15 16 17
14 17 18 9 15 9 10 10 11 11 11 12 13 14 16 10 13 11 15 16 17 0 0 0 1 1 2 3 4 5 6 7 8 8 8 8 9 9 10 12 12 14
-87.32442602000003
rh-4832-a
H H H H H H H H C C C C O O O Rh Rh Rh
0 1 2 3 4 4 4 5 6 7 8 8 8 8 9 9 9 12 13 10 10 10 9 15 17 11 11 11 12 13 14 16 10 11 14 16
13 10 10 10 9 15 17 11 11 11 12 13 14 16 10 11 14 16 0 1 2 3 4 4 4 5 6 7 8 8 8 8 9 9 9 12
-87.24277906000003
rh-4833-a
H H H H H H H H C C C C O O O Rh Rh Rh Rh
0 1 2 2 3 3 3 4 5 6 7 8 8 8 9 10 10 12 9 9 9 15 10 16 18 10 11 11 11 12 13 14 13 11 14 17
9 9 9 15 10 16 18 10 11 11 11 12 13 14 13 11 14 17 0 1 2 2 3 3 3 4 5 6 7 8 8 8 9 10 10 12
-86.61086974
ru-1221-a
H H C O O Ru Ru
0 0 1 2 2 2 3 2 6 4 3 4 5 5
2 6 4 3 4 5 5 0 0 1 2 2 2 3
-30.198467180000023
ru-1231-a
H H C O O O Ru Ru Ru
0 1 1 1 1 2 2 2 3 4 5 6 7 8 3 4 5 8
4 5 6 7 8 3 4 5 8 0 1 1 1 1 2 2 2 3
-37.82180746
ru-2421-a
H H H H C C O O Ru Ru
0 1 2 3 3 4 4 4 4 6 7 7 5 5 5 7 8 5 6 7 8 9 8 9
5 5 5 7 8 5 6 7 8 9 8 9 0 1 2 3 3 4 4 4 4 6 7 7
-47.14299953
ru-2422-a
H H H H C C O O Ru Ru
0 1 2 3 4 4 4 5 6 6 4 5 5 5 6 7 9 7 8 9
4 5 5 5 6 7 9 7 8 9 0 1 2 3 4 4 4 5 6 6
-46.53795286000002
ru-2431-a
H H H H C C O O O Ru Ru
0 1 2 2 3 4 4 4 4 5 6 7 5 5 10 5 6 7 8 9 8 9
7 5 5 10 5 6 7 8 9 8 9 0 1 2 2 3 4 4 4 4 5 6
-53.68217286999999
ru-3621-a
H H H H H H C C C O O Ru Ru
0 1 2 3 4 5 5 6 7 8 8 8 8 9 10 10 6 6 6 7 7 10 11 7 8 9 10 11 12 12 11 12
6 6 6 7 7 10 11 7 8 9 10 11 12 12 11 12 0 1 2 3 4 5 5 6 7 8 8 8 8 9 10 10
-63.77304134000002
ru-3622-a
H H H H H H C C C O O Ru Ru Ru
0 1 2 2 3 4 5 6 6 6 6 7 7 9 6 7 7 13 8 8 8 9 10 11 12 8 10 12
6 7 7 13 8 8 8 9 10 11 12 8 10 12 0 1 2 2 3 4 5 6 6 6 6 7 7 9
-63.28607856000002
ru-3623-a
H H H H H H C C C O O Ru Ru Ru
0 1 2 2 3 4 5 6 6 6 8 9 9 7 7 7 13 8 8 8 7 9 10 10 11 12
7 7 7 13 8 8 8 7 9 10 10 11 12 0 1 2 2 3 4 5 6 6 6 8 9 9
-63.56675796000002
ru-3631-a
H H H H H H C C C O O O Ru Ru Ru Ru
0 0 0 0 1 2 3 4 5 6 6 6 7 7 9 9 11 12 13 14 7 7 8 8 8 9 10 11 8 10 14 15
11 12 13 14 7 7 8 8 8 9 10 11 8 10 14 15 0 0 0 0 1 2 3 4 5 6 6 6 7 7 9 9
-70.78429427000003
ru-3632-a
H H H H H H C C C O O O Ru Ru Ru
0 1 2 2 3 4 4 5 6 6 6 6 7 8 9 7 7 7 12 8 8 14 8 9 10 11 13 10 11 13
7 7 7 12 8 8 14 8 9 10 11 13 10 11 13 0 1 2 2 3 4 4 5 6 6 6 6 7 8 9
-69.95330951
ru-4821-a
H H H H H H H H C C C C O O Ru Ru Ru Ru
0 1 2 3 4 4 5 5 6 7 8 9 10 11 11 12 12 8 8 8 9 9 17 10 14 10 13 9 10 11 12 13 15 16
8 8 8 9 9 17 10 14 10 13 9 10 11 12 13 15 16 0 1 2 3 4 4 5 5 6 7 8 9 10 11 11 12 12
-80.42388532000001
ru-4822-a
H H H H H H H H C C C C O O Ru Ru
0 1 2 3 4 5 6 7 7 8 9 9 10 10 10 12 13 13 8 8 8 9 11 11 11 13 14 9 10 11 12 13 14 15 14 15
8 8 8 9 11 11 11 13 14 9 10 11 12 13 14 15 14 15 0 1 2 3 4 5 6 7 7 8 9 9 10 10 10 12 13 13
-80.45882190999998
ru-4823-a
H H H H H H H H C C C C O O Ru Ru Ru Ru
0 0 1 2 2 3 4 5 6 7 8 8 8 8 9 9 10 12 12 8 17 9 9 15 10 10 11 11 11 12 13 14 16 10 13 11 14 15
8 17 9 9 15 10 10 11 11 11 12 13 14 16 10 13 11 14 15 0 0 1 2 2 3 4 5 6 7 8 8 8 8 9 9 10 12 12
-79.93640421000003
ru-4824-a
H H H H H H H H C C C C O O Ru Ru
0 1 2 3 4 4 5 6 7 8 8 8 9 9 9 12 8 10 10 10 9 15 11 11 11 12 13 14 10 11 13 14
8 10 10 10 9 15 11 11 11 12 13 14 10 11 13 14 0 1 2 3 4 4 5 6 7 8 8 8 9 9 9 12
-80.04665207
ru-4825-a
H H H H H H H H C C C C O O Ru Ru Ru
0 0 1 2 3 4 4 5 6 7 8 9 9 10 10 12 12 8 14 8 8 10 10 16 11 11 11 9 12 13 11 13 15 16
8 14 8 8 10 10 16 11 11 11 9 12 13 11 13 15 16 0 0 1 2 3 4 4 5 6 7 8 9 9 10 10 12 12
-80.27989398
ru-4826-a
H H H H H H H H C C C C O O Ru Ru Ru Ru Ru
0 1 2 2 3 3 4 5 6 7 8 9 10 10 11 12 12 12 8 8 8 15 9 14 9 11 11 11 9 10 12 13 13 16 17 18
8 8 8 15 9 14 9 11 11 11 9 10 12 13 13 16 17 18 0 1 2 2 3 3 4 5 6 7 8 9 10 10 11 12 12 12
-80.19715779
ru-4831-a
H H H H H H H H C C C C O O O Ru Ru Ru Ru Ru
0 0 0 0 1 2 3 4 5 6 7 8 8 8 9 9 10 12 12 12 14 15 17 19 9 9 10 10 11 11 11 12 13 14 10 13 11 16 17 18
14 15 17 19 9 9 10 10 11 11 11 12 13 14 10 13 11 16 17 18 0 0 0 0 1 2 3 4 5 6 7 8 8 8 9 9 10 12 12 12
-87.48944907999999
ru-4832-a
H H H H H H H H C C C C O O O Ru Ru
0 1 2 3 4 4 5 6 7 8 8 8 8 9 9 9 12 13 10 10 10 9 16 11 11 11 12 13 14 15 10 11 14 15
13 10 10 10 9 16 11 11 11 12 13 14 15 10 11 14 15 0 1 2 3 4 4 5 6 7 8 8 8 8 9 9 9 12
-87.26635991
ru-4833-a
H H H H H H H H C C C C O O O Ru Ru
0 1 2 3 3 4 5 6 7 8 8 8 9 10 10 12 9 9 9 10 16 10 11 11 11 12 13 14 13 11 14 15
9 9 9 10 16 10 11 11 11 12 13 14 13 11 14 15 0 1 2 3 3 4 5 6 7 8 8 8 9 10 10 12
-86.73935532000002
zn-1221-a
H H C O O Zn
0 1 2 2 3 2 4 3 4 5
2 4 3 4 5 0 1 2 2 3
-29.941851509999992
zn-1231-a
H H C O O O Zn Zn
0 1 1 2 2 2 3 4 5 6 3 4 5 7
4 5 6 3 4 5 7 0 1 1 2 2 2 3
-37.4337776
zn-2421-a
H H H H C C O O
0 1 2 3 4 4 4 5 5 5 7 5 6 7
5 5 5 7 5 6 7 0 1 2 3 4 4 4
-46.8400664
zn-2422-a
H H H H C C O O Zn
0 1 2 3 4 4 5 6 4 5 5 5 6 7 7 8
4 5 5 5 6 7 7 8 0 1 2 3 4 4 5 6
-46.25983622
zn-2431-a
H H H H C C O O O
0 1 2 3 4 4 4 5 7 5 5 5 6 7 8 8
7 5 5 5 6 7 8 8 0 1 2 3 4 4 4 5
-53.497898379999995
zn-3621-a
H H H H H H C C C O O
0 1 2 3 4 5 6 7 8 8 6 6 6 7 7 10 7 8 9 10
6 6 6 7 7 10 7 8 9 10 0 1 2 3 4 5 6 7 8 8
-63.508707599999994
zn-3622-a
H H H H H H C C C O O Zn
0 1 2 3 4 5 6 6 7 7 9 6 7 7 8 8 8 9 10 8 10 11
6 7 7 8 8 8 9 10 8 10 11 0 1 2 3 4 5 6 6 7 7 9
-63.03523541999999
zn-3623-a
H H H H H H C C C O O Zn
0 1 2 3 4 5 6 6 6 8 9 7 7 7 8 8 8 7 9 10 10 11
7 7 7 8 8 8 7 9 10 10 11 0 1 2 3 4 5 6 6 6 8 9
-63.2180759
zn-3631-a
H H H H H H C C C O O O Zn
0 1 2 3 4 5 6 6 6 7 7 9 11 7 7 8 8 8 9 10 11 8 10 12
11 7 7 8 8 8 9 10 11 8 10 12 0 1 2 3 4 5 6 6 6 7 7 9
-70.34381669
zn-3632-a
H H H H H H C C C O O O Zn
0 1 2 3 4 5 6 6 6 7 8 9 7 7 7 8 8 8 9 10 11 10 11 12
7 7 7 8 8 8 9 10 11 10 11 12 0 1 2 3 4 5 6 6 6 7 8 9
-69.73076988999999
zn-4821-a
H H H H H H H H C C C C O O Zn
0 1 2 3 4 5 6 7 8 9 10 11 11 12 8 8 8 9 9 10 10 13 9 10 11 12 13 14
8 8 8 9 9 10 10 13 9 10 11 12 13 14 0 1 2 3 4 5 6 7 8 9 10 11 11 12
-80.12104627
zn-4822-a
H H H H H H H H C C C C O O
0 1 2 3 4 5 6 7 8 9 9 10 10 8 8 8 9 11 11 11 13 9 10 11 12 13
8 8 8 9 11 11 11 13 9 10 11 12 13 0 1 2 3 4 5 6 7 8 9 9 10 10
-80.09717726
zn-4823-a
H H H H H H H H C C C C O O
0 1 2 3 4 5 6 7 8 8 9 9 10 8 9 9 10 10 11 11 11 12 13 10 13 11
8 9 9 10 10 11 11 11 12 13 10 13 11 0 1 2 3 4 5 6 7 8 8 9 9 10
-79.70845410999999
zn-4824-a
H H H H H H H H C C C C O O Zn
0 1 2 3 4 5 6 7 8 8 9 9 9 12 8 10 10 10 9 11 11 11 12 13 10 11 13 14
8 10 10 10 9 11 11 11 12 13 10 11 13 14 0 1 2 3 4 5 6 7 8 8 9 9 9 12
-79.83122967
zn-4825-a
H H H H H H H H C C C C O O Zn
0 1 2 3 4 5 6 7 8 9 9 10 10 12 8 8 8 10 10 11 11 11 9 12 13 11 13 14
8 8 8 10 10 11 11 11 9 12 13 11 13 14 0 1 2 3 4 5 6 7 8 9 9 10 10 12
-79.98758742999999
zn-4826-a
H H H H H H H H C C C C O O Zn
0 1 2 3 4 5 6 7 8 9 10 10 11 12 8 8 8 9 9 11 11 11 9 10 12 13 13 14
8 8 8 9 9 11 11 11 9 10 12 13 13 14 0 1 2 3 4 5 6 7 8 9 10 10 11 12
-79.87822299999999
zn-4831-a
H H H H H H H H C C C C O O O Zn
0 1 2 3 4 5 6 7 8 8 8 9 9 10 12 14 9 9 10 10 11 11 11 12 13 14 10 13 11 15
14 9 9 10 10 11 11 11 12 13 14 10 13 11 15 0 1 2 3 4 5 6 7 8 8 8 9 9 10 12
-87.0034139
zn-4832-a
H H H H H H H H C C C C O O O Zn
0 1 2 3 4 5 6 7 8 8 8 9 9 9 12 13 10 10 10 9 11 11 11 12 13 14 10 11 14 15
13 10 10 10 9 11 11 11 12 13 14 10 11 14 15 0 1 2 3 4 5 6 7 8 8 8 9 9 9 12
-87.05108951
zn-4833-a
H H H H H H H H C C C C O O O
0 1 2 3 4 5 6 7 8 8 8 9 10 10 9 9 9 10 10 11 11 11 12 13 14 13 11 14
9 9 9 10 10 11 11 11 12 13 14 13 11 14 0 1 2 3 4 5 6 7 8 8 8 9 10 10
-86.49650284
