13N1
H H H C N
0 1 2 3 3 3 4 4
3 3 4 4 0 1 2 3
-27.42006704
15N1
H H H H H C N
0 1 2 3 4 5 5 5 5 6 6 6
5 5 5 6 6 6 0 1 2 3 4 5
-35.70925393
25N1
H H H H H C C N
0 1 2 3 4 5 6 5 5 5 6 7 6 7
5 5 5 6 7 6 7 0 1 2 3 4 5 6
-44.30698715
25N2
H H H H H C C N
0 1 2 3 4 5 6 5 5 6 6 6 7 7
5 5 6 6 6 7 7 0 1 2 3 4 5 6
-43.92537546
27N1
H H H H H H H C C N
0 1 2 3 4 5 6 7 8 7 7 7 8 8 9 9 8 9
7 7 7 8 8 9 9 8 9 0 1 2 3 4 5 6 7 8
-52.38689862
27N2
H H H H H H H C C N
0 1 2 3 4 5 6 7 8 7 7 7 9 8 8 8 9 9
7 7 7 9 8 8 8 9 9 0 1 2 3 4 5 6 7 8
-52.0603479
37N1
H H H H H H H C C C N
0 1 2 3 4 5 6 7 8 9 7 7 7 8 8 9 10 8 9 10
7 7 7 8 8 9 10 8 9 10 0 1 2 3 4 5 6 7 8 9
-60.92004791
37N2
H H H H H H H C C C N
0 1 2 3 4 5 6 7 8 8 7 7 8 8 9 9 9 10 9 10
7 7 8 8 9 9 9 10 9 10 0 1 2 3 4 5 6 7 8 8
-60.53754055
37N3
H H H H H H H C C C N
0 1 2 3 4 5 6 7 8 9 7 7 7 8 9 9 9 8 10 10
7 7 7 8 9 9 9 8 10 10 0 1 2 3 4 5 6 7 8 9
-60.80086224
37N4
H H H H H H H C C C N
0 1 2 3 4 5 6 7 8 9 7 7 7 8 9 9 9 8 10 10
7 7 7 8 9 9 9 8 10 10 0 1 2 3 4 5 6 7 8 9
-60.64633915
37N5
H H H H H H H C C C N
0 1 2 3 4 5 6 7 8 8 7 7 7 9 9 9 10 8 9 10
7 7 7 9 9 9 10 8 9 10 0 1 2 3 4 5 6 7 8 8
-61.16230378
39N1
H H H H H H H H H C C C N
0 1 2 3 4 5 6 7 8 9 10 11 9 9 9 10 10 11 11 12 12 10 11 12
9 9 9 10 10 11 11 12 12 10 11 12 0 1 2 3 4 5 6 7 8 9 10 11
-68.9862017
39N2
H H H H H H H H H C C C N
0 1 2 3 4 5 6 7 8 9 10 10 9 9 9 11 11 11 10 12 12 10 11 12
9 9 9 11 11 11 10 12 12 10 11 12 0 1 2 3 4 5 6 7 8 9 10 10
-69.10261853
39N3
H H H H H H H H H C C C N
0 1 2 3 4 5 6 7 8 9 10 11 9 9 9 10 10 12 11 11 11 10 12 12
9 9 9 10 10 12 11 11 11 10 12 12 0 1 2 3 4 5 6 7 8 9 10 11
-68.73787826
39N4
H H H H H H H H H C C C N
0 1 2 3 4 5 6 7 8 9 10 11 9 9 9 10 10 10 11 11 11 12 12 12
9 9 9 10 10 10 11 11 11 12 12 12 0 1 2 3 4 5 6 7 8 9 10 11
-68.52906405
49N1
H H H H H H H H H C C C C N
0 1 2 3 4 5 6 7 8 9 10 11 12 9 9 9 10 10 11 11 12 13 10 11 12 13
9 9 9 10 10 11 11 12 13 10 11 12 13 0 1 2 3 4 5 6 7 8 9 10 11 12
-77.51620218
49N2
H H H H H H H H H C C C C N
0 1 2 3 4 5 6 7 8 9 10 10 12 9 9 9 11 11 11 10 12 13 10 11 12 13
9 9 9 11 11 11 10 12 13 10 11 12 13 0 1 2 3 4 5 6 7 8 9 10 10 12
-77.55447366
49N3
H H H H H H H H H C C C C N
0 1 2 3 4 5 6 7 8 9 10 10 11 9 9 10 10 11 11 12 12 12 13 11 13 12
9 9 10 10 11 11 12 12 12 13 11 13 12 0 1 2 3 4 5 6 7 8 9 10 10 11
-77.18774707
49N4
H H H H H H H H H C C C C N
0 1 2 3 4 5 6 7 8 9 10 10 10 9 9 11 11 11 10 12 12 12 13 11 12 13
9 9 11 11 11 10 12 12 12 13 11 12 13 0 1 2 3 4 5 6 7 8 9 10 10 10
-77.29644224
49N5
H H H H H H H H H C C C C N
0 1 2 3 4 5 6 7 8 9 10 11 11 9 9 9 10 11 11 12 12 12 10 13 12 13
9 9 9 10 11 11 12 12 12 10 13 12 13 0 1 2 3 4 5 6 7 8 9 10 11 11
-77.40077133
49N6
H H H H H H H H H C C C C N
0 1 2 3 4 5 6 7 8 9 10 11 11 9 9 9 10 11 11 12 12 12 10 13 12 13
9 9 9 10 11 11 12 12 12 10 13 12 13 0 1 2 3 4 5 6 7 8 9 10 11 11
-77.1132733
49N7
H H H H H H H H H C C C C N
0 1 2 3 4 5 6 7 8 9 10 11 12 9 9 9 10 10 11 12 12 12 10 11 13 13
9 9 9 10 10 11 12 12 12 10 11 13 13 0 1 2 3 4 5 6 7 8 9 10 11 12
-77.39302319
49N8
H H H H H H H H H C C C C N
0 1 2 3 4 5 6 7 8 9 10 11 12 9 9 9 10 10 11 12 12 12 10 11 13 13
9 9 9 10 10 11 12 12 12 10 11 13 13 0 1 2 3 4 5 6 7 8 9 10 11 12
-77.06796387
49N9
H H H H H H H H H C C C C N
0 1 2 3 4 5 6 7 8 9 10 11 11 9 9 9 10 10 12 12 12 13 10 11 12 13
9 9 9 10 10 12 12 12 13 10 11 12 13 0 1 2 3 4 5 6 7 8 9 10 11 11
-77.77524938
49Na
H H H H H H H H H C C C C N
0 1 2 3 4 5 6 7 8 9 10 10 12 9 9 9 11 11 11 12 12 12 10 11 13 13
9 9 9 11 11 11 12 12 12 10 11 13 13 0 1 2 3 4 5 6 7 8 9 10 10 12
-77.48977885
4bN1
H H H H H H H H H H H C C C C N
0 1 2 3 4 5 6 7 8 9 10 11 12 13 14 11 11 11 12 12 13 13 14 14 15 15 12 13 14 15
11 11 11 12 12 13 13 14 14 15 15 12 13 14 15 0 1 2 3 4 5 6 7 8 9 10 11 12 13 14
-85.58634468
4bN2
H H H H H H H H H H H C C C C N
0 1 2 3 4 5 6 7 8 9 10 11 12 12 13 11 11 11 12 13 13 14 14 14 15 15 12 13 15 14
11 11 11 12 13 13 14 14 14 15 15 12 13 15 14 0 1 2 3 4 5 6 7 8 9 10 11 12 12 13
-85.69989968
4bN3
H H H H H H H H H H H C C C C N
0 1 2 3 4 5 6 7 8 9 10 11 12 12 13 11 11 11 12 13 13 14 14 14 15 15 12 13 15 14
11 11 11 12 13 13 14 14 14 15 15 12 13 15 14 0 1 2 3 4 5 6 7 8 9 10 11 12 12 13
-85.71219543
4bN4
H H H H H H H H H H H C C C C N
0 1 2 3 4 5 6 7 8 9 10 11 12 12 12 11 11 11 13 13 13 14 14 14 15 15 12 13 14 15
11 11 11 13 13 13 14 14 14 15 15 12 13 14 15 0 1 2 3 4 5 6 7 8 9 10 11 12 12 12
-85.82663753
4bN5
H H H H H H H H H H H C C C C N
0 1 2 3 4 5 6 7 8 9 10 11 12 13 13 11 11 11 12 12 15 13 13 14 14 14 12 15 14 15
11 11 11 12 12 15 13 13 14 14 14 12 15 14 15 0 1 2 3 4 5 6 7 8 9 10 11 12 13 13
-85.41231713
4bN6
H H H H H H H H H H H C C C C N
0 1 2 3 4 5 6 7 8 9 10 11 12 13 14 11 11 11 12 12 13 13 15 14 14 14 12 13 15 15
11 11 11 12 12 13 13 15 14 14 14 12 13 15 15 0 1 2 3 4 5 6 7 8 9 10 11 12 13 14
-85.33333069
4bN7
H H H H H H H H H H H C C C C N
0 1 2 3 4 5 6 7 8 9 10 11 12 13 14 11 11 11 12 12 13 13 13 14 14 14 12 15 15 15
11 11 11 12 12 13 13 13 14 14 14 12 15 15 15 0 1 2 3 4 5 6 7 8 9 10 11 12 13 14
-85.16960424
