ag-12S1-a
H H C S Ag Ag Ag Ag
0 0 1 1 2 2 2 2 3 3 3 3 2 6 2 6 3 4 6 7 4 5 6 7
2 6 2 6 3 4 6 7 4 5 6 7 0 0 1 1 2 2 2 2 3 3 3 3
-20.386104750000015
ag-14S1-a
H H H H C S Ag
0 1 2 3 4 5 4 4 4 5 5 6
4 4 4 5 5 6 0 1 2 3 4 5
-28.174731830000013
ag-24S1-a
H H H H C C S Ag Ag Ag Ag Ag
0 1 1 2 3 3 4 4 5 5 5 5 6 6 6 6 4 4 8 4 5 11 5 11 6 9 10 11 7 9 10 11
4 4 8 4 5 11 5 11 6 9 10 11 7 9 10 11 0 1 1 2 3 3 4 4 5 5 5 5 6 6 6 6
-37.05142341999999
ag-26S1-a
H H H H H H C C S Ag Ag
0 1 2 2 3 4 5 6 7 8 6 6 6 10 7 7 8 7 8 9
6 6 6 10 7 7 8 7 8 9 0 1 2 2 3 4 5 6 7 8
-44.82277690000001
ag-26S2-a
H H H H H H C C S Ag
0 1 2 3 4 5 6 7 8 6 6 6 7 7 7 8 8 9
6 6 6 7 7 7 8 8 9 0 1 2 3 4 5 6 7 8
-44.890619189999995
ag-36S1-a
H H H H H H C C C S Ag Ag Ag Ag Ag
0 1 1 2 3 4 5 5 6 7 8 8 8 9 9 9 9 6 6 11 6 7 7 8 13 7 8 9 13 14 10 12 13 14
6 6 11 6 7 7 8 13 7 8 9 13 14 10 12 13 14 0 1 1 2 3 4 5 5 6 7 8 8 8 9 9 9 9
-53.64931437000001
ag-36S2-a
H H H H H H C C C S Ag Ag Ag Ag Ag Ag
0 0 1 2 3 4 4 5 6 6 7 7 7 8 9 9 9 9 6 13 6 6 8 8 10 8 7 14 8 9 14 14 11 12 14 15
6 13 6 6 8 8 10 8 7 14 8 9 14 14 11 12 14 15 0 0 1 2 3 4 4 5 6 6 7 7 7 8 9 9 9 9
-53.71744093000001
ag-38S1-a
H H H H H H H H C C C S Ag Ag Ag
0 1 2 3 3 4 5 6 6 7 8 9 10 11 8 8 8 9 14 9 10 10 12 11 9 10 11 13
8 8 8 9 14 9 10 10 12 11 9 10 11 13 0 1 2 3 3 4 5 6 6 7 8 9 10 11
-61.48992895000001
ag-38S2-a
H H H H H H H H C C C S Ag Ag Ag Ag
0 1 2 3 4 5 6 6 7 8 9 9 11 11 11 11 8 8 8 10 10 10 9 15 11 9 10 11 12 13 14 15
8 8 8 10 10 10 9 15 11 9 10 11 12 13 14 15 0 1 2 3 4 5 6 6 7 8 9 9 11 11 11 11
-61.37666444000001
ag-38S3-a
H H H H H H H H C C C S Ag Ag Ag
0 1 1 2 3 4 5 6 7 7 8 9 10 11 8 8 12 8 9 9 10 10 10 14 9 11 11 13
8 8 12 8 9 9 10 10 10 14 9 11 11 13 0 1 1 2 3 4 5 6 7 7 8 9 10 11
-61.53886492000001
ag-48S1-a
H H H H H H H H C C C C S Ag Ag Ag Ag Ag
0 1 2 3 4 4 5 6 7 7 8 9 10 11 11 11 12 12 12 12 8 8 8 9 9 14 10 10 11 16 9 10 11 12 16 17 13 15 16 17
8 8 8 9 9 14 10 10 11 16 9 10 11 12 16 17 13 15 16 17 0 1 2 3 4 4 5 6 7 7 8 9 10 11 11 11 12 12 12 12
-70.29843260000001
ag-48S2-a
H H H H H H H H C C C C S Ag Ag Ag Ag Ag
0 1 2 2 3 4 5 6 7 7 8 9 9 11 11 11 12 12 12 12 8 8 8 13 10 10 10 9 11 14 9 10 11 12 14 15 14 15 16 17
8 8 8 13 10 10 10 9 11 14 9 10 11 12 14 15 14 15 16 17 0 1 2 2 3 4 5 6 7 7 8 9 9 11 11 11 12 12 12 12
-70.30488321000001
ag-48S3-a
H H H H H H H H C C C C S Ag Ag Ag Ag Ag Ag
0 1 2 3 3 4 5 6 6 7 8 9 9 10 10 10 11 12 12 12 12 8 8 8 9 14 9 11 11 13 11 9 10 15 11 12 15 15 15 16 17 18
8 8 8 9 14 9 11 11 13 11 9 10 15 11 12 15 15 15 16 17 18 0 1 2 3 3 4 5 6 6 7 8 9 9 10 10 10 11 12 12 12 12
-70.32134797
ag-4aS1-a
H H H H H H H H H H C C C C S Ag Ag Ag Ag
0 1 1 2 3 4 5 5 6 7 8 8 9 10 11 12 13 14 10 10 17 10 11 11 12 18 12 13 13 16 14 11 12 13 14 15
10 10 17 10 11 11 12 18 12 13 13 16 14 11 12 13 14 15 0 1 1 2 3 4 5 5 6 7 8 8 9 10 11 12 13 14
-78.15386639000002
ag-4aS2-a
H H H H H H H H H H C C C C S Ag Ag Ag Ag
0 1 2 3 3 3 4 5 6 7 8 9 9 10 11 11 12 14 10 10 10 11 16 18 12 12 13 13 13 14 15 11 12 14 13 17
10 10 10 11 16 18 12 12 13 13 13 14 15 11 12 14 13 17 0 1 2 3 3 3 4 5 6 7 8 9 9 10 11 11 12 14
-78.21391541
ag-4aS3-a
H H H H H H H H H H C C C C S Ag Ag
0 1 2 3 3 4 5 6 7 8 9 10 11 11 12 14 10 10 10 11 16 12 12 13 13 13 14 11 12 14 13 15
10 10 10 11 16 12 12 13 13 13 14 11 12 14 13 15 0 1 2 3 3 4 5 6 7 8 9 10 11 11 12 14
-78.18661467000001
ag-4aS4-a
H H H H H H H H H H C C C C S Ag Ag Ag Ag
0 1 1 2 3 4 5 6 6 7 8 9 10 11 11 11 14 14 10 10 16 10 12 12 12 13 18 13 13 14 11 12 13 14 15 17
10 10 16 10 12 12 12 13 18 13 13 14 11 12 13 14 15 17 0 1 1 2 3 4 5 6 6 7 8 9 10 11 11 11 14 14
-78.21575792000002
ag-4aS5-a
H H H H H H H H H H C C C C S Ag Ag Ag Ag Ag
0 1 2 2 3 4 4 5 6 6 7 8 9 9 10 11 12 12 14 10 10 10 15 11 11 16 12 12 17 13 13 13 19 11 14 13 14 18
10 10 10 15 11 11 16 12 12 17 13 13 13 19 11 14 13 14 18 0 1 2 2 3 4 4 5 6 6 7 8 9 9 10 11 12 12 14
-78.15883463
ag-4aS6-a
H H H H H H H H H H C C C C S Ag Ag Ag Ag
0 1 2 3 3 4 5 6 6 7 8 9 9 10 11 12 13 14 10 10 10 11 18 11 12 12 15 13 13 13 16 11 12 14 14 17
10 10 10 11 18 11 12 12 15 13 13 13 16 11 12 14 14 17 0 1 2 3 3 4 5 6 6 7 8 9 9 10 11 12 13 14
-78.19783508
au-12S1-a
H H C S Au Au Au Au
0 0 1 1 2 2 3 3 3 3 2 6 2 6 3 6 4 5 6 7
2 6 2 6 3 6 4 5 6 7 0 0 1 1 2 2 3 3 3 3
-20.56753975000001
au-14S1-a
H H H H C S Au
0 1 2 3 4 5 4 4 4 5 5 6
4 4 4 5 5 6 0 1 2 3 4 5
-28.249769549999996
au-24S1-a
H H H H C C S Au Au Au Au Au
0 1 1 2 3 3 4 4 5 5 6 6 6 6 4 4 8 4 5 11 5 11 6 11 7 9 10 11
4 4 8 4 5 11 5 11 6 11 7 9 10 11 0 1 1 2 3 3 4 4 5 5 6 6 6 6
-37.26433467000001
au-26S1-a
H H H H H H C C S Au Au
0 1 2 2 3 4 5 6 7 8 6 6 6 10 7 7 8 7 8 9
6 6 6 10 7 7 8 7 8 9 0 1 2 2 3 4 5 6 7 8
-44.906971450000015
au-26S2-a
H H H H H H C C S Au
0 1 2 3 4 5 6 7 8 6 6 6 7 7 7 8 8 9
6 6 6 7 7 7 8 8 9 0 1 2 3 4 5 6 7 8
-45.00481706000002
au-36S1-a
H H H H H H C C C S Au Au Au Au Au
0 1 1 2 3 4 5 5 6 7 7 8 8 9 9 9 9 6 6 11 6 7 7 8 13 7 8 13 9 13 10 12 13 14
6 6 11 6 7 7 8 13 7 8 13 9 13 10 12 13 14 0 1 1 2 3 4 5 5 6 7 7 8 8 9 9 9 9
-53.77045909
au-36S2-a
H H H H H H C C C S Au Au Au Au Au Au
0 0 1 2 3 4 4 5 6 6 7 7 7 8 9 9 9 9 6 13 6 6 8 8 10 8 7 14 8 9 14 14 11 12 14 15
6 13 6 6 8 8 10 8 7 14 8 9 14 14 11 12 14 15 0 0 1 2 3 4 4 5 6 6 7 7 7 8 9 9 9 9
-53.93524635
au-38S1-a
H H H H H H H H C C C S Au Au
0 1 2 3 3 4 5 6 7 8 9 10 11 8 8 8 9 13 9 10 10 11 9 10 11 12
8 8 8 9 13 9 10 10 11 9 10 11 12 0 1 2 3 3 4 5 6 7 8 9 10 11
-61.58410269000001
au-38S2-a
H H H H H H H H C C C S Au Au
0 1 2 3 4 5 6 6 7 8 9 9 11 8 8 8 10 10 10 9 13 11 9 10 11 12
8 8 8 10 10 10 9 13 11 9 10 11 12 0 1 2 3 4 5 6 6 7 8 9 9 11
-61.62211713000002
au-38S3-a
H H H H H H H H C C C S Au Au
0 1 1 2 3 4 5 6 7 8 9 10 11 8 8 12 8 9 9 10 10 10 9 11 11 13
8 8 12 8 9 9 10 10 10 9 11 11 13 0 1 1 2 3 4 5 6 7 8 9 10 11
-61.66093183000001
au-48S1-a
H H H H H H H H C C C C S Au Au Au Au Au
0 1 2 3 4 4 5 6 7 7 8 9 10 11 11 12 12 12 12 8 8 8 9 9 14 10 10 11 16 9 10 11 12 16 13 15 16 17
8 8 8 9 9 14 10 10 11 16 9 10 11 12 16 13 15 16 17 0 1 2 3 4 4 5 6 7 7 8 9 10 11 11 12 12 12 12
-70.42696223000002
au-48S2-a
H H H H H H H H C C C C S Au Au Au Au Au
0 1 2 2 3 4 5 6 7 7 8 9 9 11 11 12 12 12 12 8 8 8 13 10 10 10 9 11 14 9 10 11 12 14 14 15 16 17
8 8 8 13 10 10 10 9 11 14 9 10 11 12 14 14 15 16 17 0 1 2 2 3 4 5 6 7 7 8 9 9 11 11 12 12 12 12
-70.43804999
au-48S3-a
H H H H H H H H C C C C S Au Au Au Au Au Au
0 1 2 3 3 4 5 6 6 7 8 9 9 10 10 10 11 12 12 12 12 8 8 8 9 14 9 11 11 13 11 9 10 15 11 12 15 15 15 16 17 18
8 8 8 9 14 9 11 11 13 11 9 10 15 11 12 15 15 15 16 17 18 0 1 2 3 3 4 5 6 6 7 8 9 9 10 10 10 11 12 12 12 12
-70.47762838
au-4aS1-a
H H H H H H H H H H C C C C S Au Au Au
0 1 2 3 4 5 5 6 7 8 8 9 10 11 12 13 14 10 10 10 11 11 12 17 12 13 13 15 14 11 12 13 14 16
10 10 10 11 11 12 17 12 13 13 15 14 11 12 13 14 16 0 1 2 3 4 5 5 6 7 8 8 9 10 11 12 13 14
-78.26355949
au-4aS2-a
H H H H H H H H H H C C C C S Au Au
0 1 2 3 3 4 5 6 7 8 9 10 11 11 12 14 10 10 10 11 15 12 12 13 13 13 14 11 12 14 13 16
10 10 10 11 15 12 12 13 13 13 14 11 12 14 13 16 0 1 2 3 3 4 5 6 7 8 9 10 11 11 12 14
-78.31221257000001
au-4aS3-a
H H H H H H H H H H C C C C S Au Au
0 1 2 3 3 4 5 6 7 8 9 10 11 11 12 14 10 10 10 11 16 12 12 13 13 13 14 11 12 14 13 15
10 10 10 11 16 12 12 13 13 13 14 11 12 14 13 15 0 1 2 3 3 4 5 6 7 8 9 10 11 11 12 14
-78.28727180000001
au-4aS4-a
H H H H H H H H H H C C C C S Au Au Au
0 1 1 2 3 4 5 6 6 7 8 9 10 11 11 11 14 10 10 15 10 12 12 12 13 17 13 13 14 11 12 13 14 16
10 10 15 10 12 12 12 13 17 13 13 14 11 12 13 14 16 0 1 1 2 3 4 5 6 6 7 8 9 10 11 11 11 14
-78.30048346000001
au-4aS5-a
H H H H H H H H H H C C C C S Au Au Au Au Au
0 1 2 2 3 4 4 5 6 6 7 8 9 9 10 11 12 12 14 10 10 10 15 11 11 16 12 12 17 13 13 13 19 11 14 13 14 18
10 10 10 15 11 11 16 12 12 17 13 13 13 19 11 14 13 14 18 0 1 2 2 3 4 4 5 6 6 7 8 9 9 10 11 12 12 14
-78.28802321
au-4aS6-a
H H H H H H H H H H C C C C S Au Au
0 1 2 3 3 4 5 6 7 8 9 10 11 12 13 14 10 10 10 11 16 11 12 12 13 13 13 11 12 14 14 15
10 10 10 11 16 11 12 12 13 13 13 11 12 14 14 15 0 1 2 3 3 4 5 6 7 8 9 10 11 12 13 14
-78.33445528000001
cd-12S1-a
H H C S Cd Cd Cd
0 0 1 1 2 2 3 3 3 2 5 2 5 3 5 4 5 6
2 5 2 5 3 5 4 5 6 0 0 1 1 2 2 3 3 3
-20.223719799999998
cd-14S1-a
H H H H C S Cd
0 1 2 3 4 5 4 4 4 5 5 6
4 4 4 5 5 6 0 1 2 3 4 5
-27.938173060000004
cd-24S1-a
H H H H C C S Cd Cd Cd
0 1 2 3 3 4 4 5 5 6 6 6 4 4 4 5 9 5 9 6 9 7 8 9
4 4 4 5 9 5 9 6 9 7 8 9 0 1 2 3 3 4 4 5 5 6 6 6
-36.83643465000001
cd-26S1-a
H H H H H H C C S Cd
0 1 2 3 4 5 6 7 8 6 6 6 7 7 8 7 8 9
6 6 6 7 7 8 7 8 9 0 1 2 3 4 5 6 7 8
-44.57110136000001
cd-26S2-a
H H H H H H C C S Cd
0 1 2 3 4 5 6 7 8 6 6 6 7 7 7 8 8 9
6 6 6 7 7 7 8 8 9 0 1 2 3 4 5 6 7 8
-44.63821492
cd-36S1-a
H H H H H H C C C S Cd Cd Cd Cd
0 1 1 2 3 4 5 5 6 7 8 8 8 9 9 9 6 6 10 6 7 7 8 12 7 8 9 12 13 11 12 13
6 6 10 6 7 7 8 12 7 8 9 12 13 11 12 13 0 1 1 2 3 4 5 5 6 7 8 8 8 9 9 9
-53.45356236
cd-36S2-a
H H H H H H C C C S Cd Cd Cd
0 1 2 3 4 5 6 6 7 7 7 8 9 9 9 6 6 6 8 8 8 7 11 8 9 11 11 10 11 12
6 6 6 8 8 8 7 11 8 9 11 11 10 11 12 0 1 2 3 4 5 6 6 7 7 7 8 9 9 9
-53.49863495
cd-38S1-a
H H H H H H H H C C C S Cd Cd
0 1 2 3 3 4 5 6 7 8 9 10 11 8 8 8 9 13 9 10 10 11 9 10 11 12
8 8 8 9 13 9 10 10 11 9 10 11 12 0 1 2 3 3 4 5 6 7 8 9 10 11
-61.23703036
cd-38S2-a
H H H H H H H H C C C S Cd
0 1 2 3 4 5 6 7 8 9 9 11 8 8 8 10 10 10 9 11 9 10 11 12
8 8 8 10 10 10 9 11 9 10 11 12 0 1 2 3 4 5 6 7 8 9 9 11
-61.188663010000006
cd-38S3-a
H H H H H H H H C C C S Cd
0 1 2 3 4 5 6 7 8 9 10 11 8 8 8 9 9 10 10 10 9 11 11 12
8 8 8 9 9 10 10 10 9 11 11 12 0 1 2 3 4 5 6 7 8 9 10 11
-61.28761615
cd-48S1-a
H H H H H H H H C C C C S Cd Cd Cd Cd
0 1 2 3 4 4 5 6 7 7 8 9 10 11 11 11 12 12 12 8 8 8 9 9 13 10 10 11 15 9 10 11 12 15 16 14 15 16
8 8 8 9 9 13 10 10 11 15 9 10 11 12 15 16 14 15 16 0 1 2 3 4 4 5 6 7 7 8 9 10 11 11 11 12 12 12
-70.08505840000001
cd-48S2-a
H H H H H H H H C C C C S Cd Cd Cd Cd
0 1 2 2 3 4 5 6 7 7 8 9 9 11 11 11 12 12 12 8 8 8 16 10 10 10 9 11 13 9 10 11 12 13 14 13 14 15
8 8 8 16 10 10 10 9 11 13 9 10 11 12 13 14 13 14 15 0 1 2 2 3 4 5 6 7 7 8 9 9 11 11 11 12 12 12
-70.11431451000001
cd-48S3-a
H H H H H H H H C C C C S Cd Cd Cd Cd
0 1 2 3 3 4 5 6 7 8 9 9 10 10 10 11 12 12 12 8 8 8 9 16 9 11 11 11 9 10 13 11 12 13 13 13 14 15
8 8 8 9 16 9 11 11 11 9 10 13 11 12 13 13 13 14 15 0 1 2 3 3 4 5 6 7 8 9 9 10 10 10 11 12 12 12
-70.11159709
cd-4aS1-a
H H H H H H H H H H C C C C S Cd Cd
0 1 2 3 4 5 5 6 7 8 9 10 11 12 13 14 10 10 10 11 11 12 16 12 13 13 14 11 12 13 14 15
10 10 10 11 11 12 16 12 13 13 14 11 12 13 14 15 0 1 2 3 4 5 5 6 7 8 9 10 11 12 13 14
-77.88947776
cd-4aS2-a
H H H H H H H H H H C C C C S Cd
0 1 2 3 4 5 6 7 8 9 10 11 11 12 14 10 10 10 11 12 12 13 13 13 14 11 12 14 13 15
10 10 10 11 12 12 13 13 13 14 11 12 14 13 15 0 1 2 3 4 5 6 7 8 9 10 11 11 12 14
-77.95340827999999
cd-4aS3-a
H H H H H H H H H H C C C C S Cd Cd
0 1 2 3 3 4 5 6 7 8 9 10 11 11 12 14 10 10 10 11 16 12 12 13 13 13 14 11 12 14 13 15
10 10 10 11 16 12 12 13 13 13 14 11 12 14 13 15 0 1 2 3 3 4 5 6 7 8 9 10 11 11 12 14
-77.92426857000001
cd-4aS4-a
H H H H H H H H H H C C C C S Cd Cd Cd
0 1 1 2 3 4 5 6 6 7 8 9 10 11 11 11 14 10 10 15 10 12 12 12 13 17 13 13 14 11 12 13 14 16
10 10 15 10 12 12 12 13 17 13 13 14 11 12 13 14 16 0 1 1 2 3 4 5 6 6 7 8 9 10 11 11 11 14
-77.87106263000001
cd-4aS5-a
H H H H H H H H H H C C C C S Cd
0 1 2 3 4 5 6 7 8 9 10 11 12 12 14 10 10 10 11 11 12 12 13 13 13 11 14 13 14 15
10 10 10 11 11 12 12 13 13 13 11 14 13 14 15 0 1 2 3 4 5 6 7 8 9 10 11 12 12 14
-77.93262719
cd-4aS6-a
H H H H H H H H H H C C C C S Cd Cd
0 1 2 3 3 4 5 6 7 8 9 10 11 12 13 14 10 10 10 11 16 11 12 12 13 13 13 11 12 14 14 15
10 10 10 11 16 11 12 12 13 13 13 11 12 14 14 15 0 1 2 3 3 4 5 6 7 8 9 10 11 12 13 14
-77.94254097999999
co-12S1-a
H H C S Co Co Co Co Co Co Co Co
0 0 0 1 1 1 1 2 2 2 2 2 2 2 3 3 3 3 3 3 2 4 10 2 7 9 10 3 4 5 7 9 10 11 5 6 7 8 10 11
2 4 10 2 7 9 10 3 4 5 7 9 10 11 5 6 7 8 10 11 0 0 0 1 1 1 1 2 2 2 2 2 2 2 3 3 3 3 3 3
-21.953408319999994
co-14S1-a
H H H H C S Co Co Co Co
0 1 2 2 3 3 4 5 5 5 5 4 4 4 6 5 9 5 6 7 8 9
4 4 4 6 5 9 5 6 7 8 9 0 1 2 2 3 3 4 5 5 5 5
-28.68236218000004
co-24S1-a
H H H H C C S Co Co Co Co Co Co Co Co
0 0 1 1 2 3 3 3 3 4 4 5 5 5 5 5 6 6 6 6 6 6 4 8 4 11 4 5 9 10 12 5 8 6 8 9 11 12 7 10 11 12 13 14
4 8 4 11 4 5 9 10 12 5 8 6 8 9 11 12 7 10 11 12 13 14 0 0 1 1 2 3 3 3 3 4 4 5 5 5 5 5 6 6 6 6 6 6
-38.67993007000001
co-26S1-a
H H H H H H C C S Co Co Co Co Co
0 1 2 2 3 4 4 5 6 7 8 8 8 8 6 6 6 10 7 7 12 8 7 8 9 11 12 13
6 6 6 10 7 7 12 8 7 8 9 11 12 13 0 1 2 2 3 4 4 5 6 7 8 8 8 8
-45.41019417000001
co-26S2-a
H H H H H H C C S Co Co Co Co Co Co Co
0 1 1 2 2 3 3 4 5 5 6 6 7 7 8 8 8 8 8 8 8 6 6 9 6 9 7 14 7 7 12 8 9 8 14 9 10 11 12 13 14 15
6 6 9 6 9 7 14 7 7 12 8 9 8 14 9 10 11 12 13 14 15 0 1 1 2 2 3 3 4 5 5 6 6 7 7 8 8 8 8 8 8 8
-45.336656989999994
co-36S1-a
H H H H H H C C C S Co Co Co Co Co Co Co Co Co
0 1 1 1 1 2 3 3 4 5 5 5 5 6 7 7 8 8 8 8 8 9 9 9 9 9 9 6 6 11 12 15 6 7 12 7 8 13 14 16 7 8 12 9 12 13 15 16 10 14 15 16 17 18
6 6 11 12 15 6 7 12 7 8 13 14 16 7 8 12 9 12 13 15 16 10 14 15 16 17 18 0 1 1 1 1 2 3 3 4 5 5 5 5 6 7 7 8 8 8 8 8 9 9 9 9 9 9
-55.27629598000004
co-36S2-a
H H H H H H C C C S Co Co Co Co Co Co Co Co
0 0 1 2 2 3 4 4 5 5 6 6 7 7 7 7 7 8 9 9 9 9 9 9 6 15 6 6 12 8 8 11 8 10 7 12 8 9 10 12 13 10 11 13 14 15 16 17
6 15 6 6 12 8 8 11 8 10 7 12 8 9 10 12 13 10 11 13 14 15 16 17 0 0 1 2 2 3 4 4 5 5 6 6 7 7 7 7 7 8 9 9 9 9 9 9
-55.38511110000002
co-38S1-a
H H H H H H H H C C C S Co Co Co Co Co Co Co Co
0 1 2 3 3 3 3 4 5 6 6 7 7 8 9 10 11 11 11 11 11 11 8 8 8 9 14 15 16 9 10 10 17 11 18 9 10 11 12 13 15 17 18 19
8 8 8 9 14 15 16 9 10 10 17 11 18 9 10 11 12 13 15 17 18 19 0 1 2 3 3 3 3 4 5 6 6 7 7 8 9 10 11 11 11 11 11 11
-61.91808039
co-38S2-a
H H H H H H H H C C C S Co Co Co Co Co Co Co
0 1 2 3 3 4 5 6 6 7 7 7 8 9 9 11 11 11 11 11 11 11 8 8 8 10 17 10 10 9 15 11 12 16 9 10 11 12 13 14 15 16 17 18
8 8 8 10 17 10 10 9 15 11 12 16 9 10 11 12 13 14 15 16 17 18 0 1 2 3 3 4 5 6 6 7 7 7 8 9 9 11 11 11 11 11 11 11
-62.00172902000003
co-38S3-a
H H H H H H H H C C C S Co Co Co Co Co
0 1 1 2 3 4 4 5 5 6 7 8 9 10 11 11 11 11 8 8 15 8 9 9 16 10 12 10 10 9 11 11 12 13 14 16
8 8 15 8 9 9 16 10 12 10 10 9 11 11 12 13 14 16 0 1 1 2 3 4 4 5 5 6 7 8 9 10 11 11 11 11
-62.23870077000004
co-48S1-a
H H H H H H H H C C C C S Co Co Co Co Co Co Co Co
0 1 2 3 4 4 4 5 5 6 7 7 7 8 9 10 10 11 11 11 11 11 12 12 12 12 12 8 8 8 9 9 14 17 10 15 10 11 18 20 9 10 11 15 12 15 17 18 20 13 16 17 19 20
8 8 8 9 9 14 17 10 15 10 11 18 20 9 10 11 15 12 15 17 18 20 13 16 17 19 20 0 1 2 3 4 4 4 5 5 6 7 7 7 8 9 10 10 11 11 11 11 11 12 12 12 12 12
-71.89569953
co-48S2-a
H H H H H H H H C C C C S Co Co Co Co Co Co Co Co Co
0 1 2 2 2 2 3 4 5 6 6 7 7 7 7 8 9 9 11 11 11 11 11 12 12 12 12 12 12 8 8 8 14 17 18 10 10 10 9 15 11 16 17 19 9 10 11 12 15 16 18 19 13 17 18 19 20 21
8 8 8 14 17 18 10 10 10 9 15 11 16 17 19 9 10 11 12 15 16 18 19 13 17 18 19 20 21 0 1 2 2 2 2 3 4 5 6 6 7 7 7 7 8 9 9 11 11 11 11 11 12 12 12 12 12 12
-71.9426803
co-48S3-a
H H H H H H H H C C C C S Co Co Co Co Co Co Co Co
0 1 2 3 3 3 4 4 5 6 6 7 7 8 9 9 10 10 10 10 10 11 12 12 12 12 12 8 8 8 9 17 18 9 14 11 11 16 11 15 9 10 14 11 12 14 15 18 15 13 16 18 19 20
8 8 8 9 17 18 9 14 11 11 16 11 15 9 10 14 11 12 14 15 18 15 13 16 18 19 20 0 1 2 3 3 3 4 4 5 6 6 7 7 8 9 9 10 10 10 10 10 11 12 12 12 12 12
-72.04717621000003
co-4aS1-a
H H H H H H H H H H C C C C S Co Co Co Co Co
0 1 2 3 4 5 5 5 6 7 8 8 9 10 11 12 13 14 14 14 14 10 10 10 11 11 12 16 17 12 13 13 18 14 11 12 13 14 15 17 18 19
10 10 10 11 11 12 16 17 12 13 13 18 14 11 12 13 14 15 17 18 19 0 1 2 3 4 5 5 5 6 7 8 8 9 10 11 12 13 14 14 14 14
-78.73868886000002
co-4aS2-a
H H H H H H H H H H C C C C S Co Co Co Co
0 1 2 3 3 4 5 6 7 8 9 10 11 11 12 14 14 14 14 10 10 10 11 15 12 12 13 13 13 14 11 12 14 13 15 16 17 18
10 10 10 11 15 12 12 13 13 13 14 11 12 14 13 15 16 17 18 0 1 2 3 3 4 5 6 7 8 9 10 11 11 12 14 14 14 14
-78.78928231000003
co-4aS3-a
H H H H H H H H H H C C C C S Co Co Co Co Co Co
0 1 2 2 3 3 4 5 6 7 8 9 9 10 11 11 12 14 14 14 14 14 14 10 10 10 15 11 17 12 12 13 13 13 14 18 11 12 14 13 15 16 17 18 19 20
10 10 10 15 11 17 12 12 13 13 13 14 18 11 12 14 13 15 16 17 18 19 20 0 1 2 2 3 3 4 5 6 7 8 9 9 10 11 11 12 14 14 14 14 14 14
-78.60054721
co-4aS4-a
H H H H H H H H H H C C C C S Co Co Co Co Co Co Co Co
0 1 1 1 2 3 4 5 6 6 7 8 9 9 9 10 11 11 11 14 14 14 14 14 10 10 20 21 10 12 12 12 13 18 13 13 14 19 22 11 12 13 14 15 16 17 19 21
10 10 20 21 10 12 12 12 13 18 13 13 14 19 22 11 12 13 14 15 16 17 19 21 0 1 1 1 2 3 4 5 6 6 7 8 9 9 9 10 11 11 11 14 14 14 14 14
-78.66977873000002
co-4aS5-a
H H H H H H H H H H C C C C S Co Co Co Co Co Co Co Co Co Co
0 1 1 1 1 2 2 2 3 4 5 6 7 7 7 7 8 9 9 9 9 10 10 11 12 12 13 14 14 14 14 10 10 17 18 20 10 19 20 11 11 12 12 13 19 22 24 13 13 15 16 24 11 20 14 13 14 24 20 21 23 24
10 10 17 18 20 10 19 20 11 11 12 12 13 19 22 24 13 13 15 16 24 11 20 14 13 14 24 20 21 23 24 0 1 1 1 1 2 2 2 3 4 5 6 7 7 7 7 8 9 9 9 9 10 10 11 12 12 13 14 14 14 14
-78.61268402000002
co-4aS6-a
H H H H H H H H H H C C C C S Co Co Co Co Co Co Co Co Co
0 1 2 3 3 3 3 4 4 4 4 5 6 7 7 8 9 10 11 12 13 14 14 14 14 14 14 10 10 10 11 18 19 21 11 16 17 19 12 12 13 23 13 13 11 12 14 14 15 18 19 20 22 23
10 10 10 11 18 19 21 11 16 17 19 12 12 13 23 13 13 11 12 14 14 15 18 19 20 22 23 0 1 2 3 3 3 3 4 4 4 4 5 6 7 7 8 9 10 11 12 13 14 14 14 14 14 14
-78.80491384000004
cu-12S1-a
H H C S Cu Cu Cu Cu
0 0 1 1 2 2 3 3 3 3 2 6 2 6 3 6 4 5 6 7
2 6 2 6 3 6 4 5 6 7 0 0 1 1 2 2 3 3 3 3
-21.109238129999994
cu-14S1-a
H H H H C S Cu Cu Cu
0 1 2 3 4 5 5 5 4 4 4 5 5 6 7 8
4 4 4 5 5 6 7 8 0 1 2 3 4 5 5 5
-28.361322970000003
cu-24S1-a
H H H H C C S Cu Cu Cu Cu Cu
0 1 1 2 3 3 4 4 5 5 6 6 6 6 4 4 8 4 5 11 5 11 6 11 7 9 10 11
4 4 8 4 5 11 5 11 6 11 7 9 10 11 0 1 1 2 3 3 4 4 5 5 6 6 6 6
-37.78590667
cu-26S1-a
H H H H H H C C S Cu Cu Cu Cu
0 1 2 2 3 4 5 6 7 8 8 8 6 6 6 12 7 7 8 7 8 9 10 11
6 6 6 12 7 7 8 7 8 9 10 11 0 1 2 2 3 4 5 6 7 8 8 8
-45.018218529999984
cu-26S2-a
H H H H H H C C S Cu Cu Cu
0 1 2 3 4 5 6 7 8 8 8 6 6 6 7 7 7 8 8 9 10 11
6 6 6 7 7 7 8 8 9 10 11 0 1 2 3 4 5 6 7 8 8 8
-45.10174458
cu-36S1-a
H H H H H H C C C S Cu Cu Cu Cu Cu
0 1 1 2 3 4 5 5 6 7 8 8 9 9 9 9 6 6 11 6 7 7 8 13 7 8 9 13 10 12 13 14
6 6 11 6 7 7 8 13 7 8 9 13 10 12 13 14 0 1 1 2 3 4 5 5 6 7 8 8 9 9 9 9
-54.37936109999998
cu-36S2-a
H H H H H H C C C S Cu Cu Cu Cu Cu Cu
0 0 1 2 3 4 4 5 6 6 7 7 7 8 9 9 9 9 6 13 6 6 8 8 10 8 7 14 8 9 14 14 11 12 14 15
6 13 6 6 8 8 10 8 7 14 8 9 14 14 11 12 14 15 0 0 1 2 3 4 4 5 6 6 7 7 7 8 9 9 9 9
-54.47699159999999
cu-38S1-a
H H H H H H H H C C C S Cu Cu Cu Cu Cu
0 1 2 3 3 4 5 6 7 8 9 10 11 11 11 11 8 8 8 9 12 9 10 10 11 9 10 11 13 14 15 16
8 8 8 9 12 9 10 10 11 9 10 11 13 14 15 16 0 1 2 3 3 4 5 6 7 8 9 10 11 11 11 11
-61.694639980000005
cu-38S2-a
H H H H H H H H C C C S Cu Cu Cu Cu
0 1 2 3 4 5 6 6 7 8 9 9 11 11 11 11 8 8 8 10 10 10 9 15 11 9 10 11 12 13 14 15
8 8 8 10 10 10 9 15 11 9 10 11 12 13 14 15 0 1 2 3 4 5 6 6 7 8 9 9 11 11 11 11
-61.642129289999986
cu-38S3-a
H H H H H H H H C C C S Cu Cu Cu Cu Cu
0 1 1 2 3 4 5 6 7 7 8 9 10 11 11 11 8 8 14 8 9 9 10 10 10 16 9 11 11 12 13 15
8 8 14 8 9 9 10 10 10 16 9 11 11 12 13 15 0 1 1 2 3 4 5 6 7 7 8 9 10 11 11 11
-61.749983060000005
cu-48S1-a
H H H H H H H H C C C C S Cu Cu Cu Cu Cu
0 1 2 3 4 4 5 6 7 7 8 9 10 11 11 11 12 12 12 12 8 8 8 9 9 14 10 10 11 16 9 10 11 12 16 17 13 15 16 17
8 8 8 9 9 14 10 10 11 16 9 10 11 12 16 17 13 15 16 17 0 1 2 3 4 4 5 6 7 7 8 9 10 11 11 11 12 12 12 12
-71.04170337
cu-48S2-a
H H H H H H H H C C C C S Cu Cu Cu Cu Cu
0 1 2 2 3 4 5 6 7 7 8 9 9 11 11 12 12 12 12 8 8 8 13 10 10 10 9 11 14 9 10 11 12 14 14 15 16 17
8 8 8 13 10 10 10 9 11 14 9 10 11 12 14 14 15 16 17 0 1 2 2 3 4 5 6 7 7 8 9 9 11 11 12 12 12 12
-71.04484984999999
cu-48S3-a
H H H H H H H H C C C C S Cu Cu Cu Cu Cu Cu
0 1 2 3 3 4 5 6 6 7 8 9 10 10 10 11 12 12 12 12 8 8 8 9 14 9 11 11 13 11 9 10 11 12 15 15 15 16 17 18
8 8 8 9 14 9 11 11 13 11 9 10 11 12 15 15 15 16 17 18 0 1 2 3 3 4 5 6 6 7 8 9 10 10 10 11 12 12 12 12
-71.08214658
cu-4aS1-a
H H H H H H H H H H C C C C S Cu Cu Cu Cu Cu Cu Cu
0 1 1 2 3 4 5 5 6 7 8 8 9 10 11 12 13 14 14 14 14 10 10 15 10 11 11 12 16 12 13 13 18 14 11 12 13 14 17 19 20 21
10 10 15 10 11 11 12 16 12 13 13 18 14 11 12 13 14 17 19 20 21 0 1 1 2 3 4 5 5 6 7 8 8 9 10 11 12 13 14 14 14 14
-78.36597574999999
cu-4aS2-a
H H H H H H H H H H C C C C S Cu Cu Cu Cu Cu
0 1 2 3 3 3 4 5 6 7 8 9 9 10 11 11 12 14 14 10 10 10 11 15 18 12 12 13 13 13 14 16 11 12 14 13 17 19
10 10 10 11 15 18 12 12 13 13 13 14 16 11 12 14 13 17 19 0 1 2 3 3 3 4 5 6 7 8 9 9 10 11 11 12 14 14
-78.40617939
cu-4aS3-a
H H H H H H H H H H C C C C S Cu Cu Cu
0 1 2 3 3 4 5 6 7 8 9 10 11 11 12 14 14 10 10 10 11 17 12 12 13 13 13 14 11 12 14 13 15 16
10 10 10 11 17 12 12 13 13 13 14 11 12 14 13 15 16 0 1 2 3 3 4 5 6 7 8 9 10 11 11 12 14 14
-78.38374764
cu-4aS4-a
H H H H H H H H H H C C C C S Cu Cu Cu Cu Cu Cu
0 1 1 2 3 4 5 6 6 7 8 9 10 11 11 11 14 14 14 14 10 10 18 10 12 12 12 13 15 13 13 14 11 12 13 14 16 17 19 20
10 10 18 10 12 12 12 13 15 13 13 14 11 12 13 14 16 17 19 20 0 1 1 2 3 4 5 6 6 7 8 9 10 11 11 11 14 14 14 14
-78.40607173999999
cu-4aS5-a
H H H H H H H H H H C C C C S Cu Cu Cu Cu Cu Cu Cu
0 1 2 2 3 4 4 5 6 6 7 8 9 9 10 11 12 12 14 14 14 10 10 10 15 11 11 18 12 12 19 13 13 13 21 11 14 13 14 16 17 20
10 10 10 15 11 11 18 12 12 19 13 13 13 21 11 14 13 14 16 17 20 0 1 2 2 3 4 4 5 6 6 7 8 9 9 10 11 12 12 14 14 14
-78.37905096
cu-4aS6-a
H H H H H H H H H H C C C C S Cu Cu Cu Cu Cu Cu
0 1 2 3 3 4 5 6 6 7 7 8 9 9 10 11 12 13 14 14 10 10 10 11 15 11 12 12 17 13 20 13 13 18 11 12 14 14 16 19
10 10 10 11 15 11 12 12 17 13 20 13 13 18 11 12 14 14 16 19 0 1 2 3 3 4 5 6 6 7 7 8 9 9 10 11 12 13 14 14
-78.42593746
fe-12S1-a
H H C S Fe Fe Fe Fe Fe Fe
0 0 1 1 1 2 2 2 2 2 3 3 3 3 2 6 2 8 9 3 6 7 8 9 4 5 7 9
2 6 2 8 9 3 6 7 8 9 4 5 7 9 0 0 1 1 1 2 2 2 2 2 3 3 3 3
-22.370746879999956
fe-14S1-a
H H H H C S Fe Fe Fe Fe Fe Fe
0 1 2 2 3 3 4 5 5 5 5 5 5 4 4 4 10 5 8 5 6 7 8 9 10 11
4 4 4 10 5 8 5 6 7 8 9 10 11 0 1 2 2 3 3 4 5 5 5 5 5 5
-28.819733299999996
fe-24S1-a
H H H H C C S Fe Fe Fe Fe Fe Fe Fe Fe
0 0 1 1 1 2 3 3 3 3 4 4 5 5 5 5 5 6 6 6 6 4 11 4 9 11 4 5 7 10 14 5 11 6 7 8 11 14 8 12 13 14
4 11 4 9 11 4 5 7 10 14 5 11 6 7 8 11 14 8 12 13 14 0 0 1 1 1 2 3 3 3 3 4 4 5 5 5 5 5 6 6 6 6
-39.050207709999995
fe-26S1-a
H H H H H H C C S Fe Fe Fe Fe Fe Fe
0 1 2 2 3 4 4 5 6 7 8 8 8 8 8 6 6 6 11 7 7 13 8 7 8 9 10 12 13 14
6 6 6 11 7 7 13 8 7 8 9 10 12 13 14 0 1 2 2 3 4 4 5 6 7 8 8 8 8 8
-45.53470936999997
fe-26S2-a
H H H H H H C C S Fe Fe Fe Fe Fe Fe
0 1 1 2 3 3 4 5 6 7 8 8 8 8 8 8 6 6 11 6 7 13 7 7 8 8 9 10 11 12 13 14
6 6 11 6 7 13 7 7 8 8 9 10 11 12 13 14 0 1 1 2 3 3 4 5 6 7 8 8 8 8 8 8
-45.64999833999997
fe-36S1-a
H H H H H H C C C S Fe Fe Fe Fe Fe Fe Fe Fe Fe
0 1 1 1 1 2 3 3 4 5 5 5 6 7 8 8 8 8 9 9 9 9 9 9 6 6 13 17 18 6 7 15 7 8 10 16 7 8 9 10 15 18 10 11 12 14 17 18
6 6 13 17 18 6 7 15 7 8 10 16 7 8 9 10 15 18 10 11 12 14 17 18 0 1 1 1 1 2 3 3 4 5 5 5 6 7 8 8 8 8 9 9 9 9 9 9
-55.663848909999956
fe-36S2-a
H H H H H H C C C S Fe Fe Fe Fe Fe Fe Fe Fe
0 0 1 2 2 3 4 4 5 5 6 6 6 6 7 7 7 7 7 7 8 9 9 9 9 9 6 16 6 6 13 8 8 10 8 15 7 13 16 17 8 9 10 13 15 17 15 10 11 12 14 17
6 16 6 6 13 8 8 10 8 15 7 13 16 17 8 9 10 13 15 17 15 10 11 12 14 17 0 0 1 2 2 3 4 4 5 5 6 6 6 6 7 7 7 7 7 7 8 9 9 9 9 9
-55.62375369999995
fe-38S1-a
H H H H H H H H C C C S Fe Fe Fe Fe Fe Fe Fe Fe
0 1 2 3 3 3 4 5 6 6 7 7 7 8 9 10 11 11 11 11 11 11 8 8 8 9 14 16 9 10 10 18 11 15 19 9 10 11 12 13 15 17 18 19
8 8 8 9 14 16 9 10 10 18 11 15 19 9 10 11 12 13 15 17 18 19 0 1 2 3 3 3 4 5 6 6 7 7 7 8 9 10 11 11 11 11 11 11
-62.12600841999995
fe-38S2-a
H H H H H H H H C C C S Fe Fe Fe Fe Fe Fe
0 1 2 3 4 5 6 6 7 8 9 9 11 11 11 11 11 11 8 8 8 10 10 10 9 17 11 9 10 11 12 13 14 15 16 17
8 8 8 10 10 10 9 17 11 9 10 11 12 13 14 15 16 17 0 1 2 3 4 5 6 6 7 8 9 9 11 11 11 11 11 11
-62.28997805
fe-38S3-a
H H H H H H H H C C C S Fe Fe Fe Fe Fe Fe Fe
0 0 1 1 1 1 2 3 4 5 5 5 6 7 8 9 10 11 11 11 11 11 8 14 8 13 14 17 8 9 9 10 12 16 10 10 9 11 11 12 14 15 16 18
8 14 8 13 14 17 8 9 9 10 12 16 10 10 9 11 11 12 14 15 16 18 0 0 1 1 1 1 2 3 4 5 5 5 6 7 8 9 10 11 11 11 11 11
-62.26676709999998
fe-48S1-a
H H H H H H H H C C C C S Fe Fe Fe Fe Fe Fe Fe Fe
0 1 2 3 4 4 4 5 6 7 7 7 7 8 9 10 10 11 11 11 11 11 12 12 12 12 12 8 8 8 9 9 15 17 10 10 11 13 16 20 9 10 11 17 12 13 14 17 20 14 15 18 19 20
8 8 8 9 9 15 17 10 10 11 13 16 20 9 10 11 17 12 13 14 17 20 14 15 18 19 20 0 1 2 3 4 4 4 5 6 7 7 7 7 8 9 10 10 11 11 11 11 11 12 12 12 12 12
-72.27278278
fe-48S2-a
H H H H H H H H C C C C S Fe Fe Fe Fe Fe Fe Fe Fe Fe
0 1 2 2 2 2 3 4 5 6 6 7 7 7 7 8 9 9 9 11 11 11 11 12 12 12 12 8 8 8 13 16 18 10 10 10 9 18 11 14 17 21 9 10 11 18 12 14 18 21 15 19 20 21
8 8 8 13 16 18 10 10 10 9 18 11 14 17 21 9 10 11 18 12 14 18 21 15 19 20 21 0 1 2 2 2 2 3 4 5 6 6 7 7 7 7 8 9 9 9 11 11 11 11 12 12 12 12
-72.30802304999997
fe-48S3-a
H H H H H H H H C C C C S Fe Fe Fe Fe Fe Fe Fe Fe Fe Fe
0 1 1 1 1 2 2 3 4 5 6 6 6 6 7 7 7 8 9 10 10 10 10 10 11 11 12 12 12 12 12 8 8 15 17 21 8 21 9 9 11 11 13 14 20 11 19 20 9 10 11 12 13 19 22 13 19 13 15 16 18 22
8 8 15 17 21 8 21 9 9 11 11 13 14 20 11 19 20 9 10 11 12 13 19 22 13 19 13 15 16 18 22 0 1 1 1 1 2 2 3 4 5 6 6 6 6 7 7 7 8 9 10 10 10 10 10 11 11 12 12 12 12 12
-72.16108068999995
fe-4aS1-a
H H H H H H H H H H C C C C S Fe Fe Fe Fe Fe Fe Fe
0 1 2 3 4 5 5 5 5 6 7 8 8 9 9 10 11 12 13 14 14 14 14 14 10 10 10 11 11 12 16 18 21 12 13 13 20 14 21 11 12 13 14 15 17 19 20 21
10 10 10 11 11 12 16 18 21 12 13 13 20 14 21 11 12 13 14 15 17 19 20 21 0 1 2 3 4 5 5 5 5 6 7 8 8 9 9 10 11 12 13 14 14 14 14 14
-78.77064679999995
fe-4aS2-a
H H H H H H H H H H C C C C S Fe Fe Fe Fe Fe Fe
0 1 1 2 3 3 4 5 6 7 8 9 10 11 11 12 14 14 14 14 14 14 10 10 18 10 11 19 12 12 13 13 13 14 11 12 14 13 15 16 17 18 19 20
10 10 18 10 11 19 12 12 13 13 13 14 11 12 14 13 15 16 17 18 19 20 0 1 1 2 3 3 4 5 6 7 8 9 10 11 11 12 14 14 14 14 14 14
-78.91269502999995
fe-4aS3-a
H H H H H H H H H H C C C C S Fe Fe Fe Fe Fe Fe Fe
0 1 2 2 3 3 4 5 6 7 8 8 9 10 11 11 12 14 14 14 14 14 14 10 10 10 15 11 21 12 12 13 13 13 20 14 11 12 14 13 15 16 17 18 19 21
10 10 10 15 11 21 12 12 13 13 13 20 14 11 12 14 13 15 16 17 18 19 21 0 1 2 2 3 3 4 5 6 7 8 8 9 10 11 11 12 14 14 14 14 14 14
-78.91537756999998
fe-4aS4-a
H H H H H H H H H H C C C C S Fe Fe Fe Fe Fe Fe Fe
0 1 1 2 3 4 5 6 6 7 8 9 9 9 9 10 11 11 11 14 14 14 14 14 10 10 20 10 12 12 12 13 17 13 13 14 16 18 21 11 12 13 14 15 16 18 19 21
10 10 20 10 12 12 12 13 17 13 13 14 16 18 21 11 12 13 14 15 16 18 19 21 0 1 1 2 3 4 5 6 6 7 8 9 9 9 9 10 11 11 11 14 14 14 14 14
-78.74010188999995
fe-4aS5-a
H H H H H H H H H H C C C C S Fe Fe Fe Fe Fe Fe Fe Fe Fe
0 1 1 2 2 2 3 4 5 6 6 6 6 7 8 9 9 10 11 12 12 12 14 14 14 14 10 10 22 10 17 21 11 11 12 12 18 19 20 13 13 13 15 11 14 13 14 20 16 20 21 23
10 10 22 10 17 21 11 11 12 12 18 19 20 13 13 13 15 11 14 13 14 20 16 20 21 23 0 1 1 2 2 2 3 4 5 6 6 6 6 7 8 9 9 10 11 12 12 12 14 14 14 14
-78.97032285999995
fe-4aS6-a
H H H H H H H H H H C C C C S Fe Fe Fe Fe Fe Fe Fe Fe
0 1 2 3 3 3 4 4 4 4 5 6 7 7 8 9 10 11 12 13 14 14 14 14 14 10 10 10 11 18 20 11 16 20 21 12 12 13 19 13 13 11 12 14 14 15 17 19 20 22
10 10 10 11 18 20 11 16 20 21 12 12 13 19 13 13 11 12 14 14 15 17 19 20 22 0 1 2 3 3 3 4 4 4 4 5 6 7 7 8 9 10 11 12 13 14 14 14 14 14
-78.91511455999995
ir-12S1-a
H H C S Ir Ir Ir Ir
0 0 1 1 2 2 2 2 3 3 3 3 2 6 2 6 3 4 6 7 4 5 6 7
2 6 2 6 3 4 6 7 4 5 6 7 0 0 1 1 2 2 2 2 3 3 3 3
-22.42320221
ir-14S1-a
H H H H C S Ir Ir Ir
0 1 2 3 3 4 5 5 5 4 4 4 5 7 5 6 7 8
4 4 4 5 7 5 6 7 8 0 1 2 3 3 4 5 5 5
-28.96840155999996
ir-24S1-a
H H H H C C S Ir Ir Ir Ir Ir
0 1 1 2 3 3 4 4 5 5 5 5 6 6 6 6 4 4 8 4 5 11 5 11 6 9 10 11 7 9 10 11
4 4 8 4 5 11 5 11 6 9 10 11 7 9 10 11 0 1 1 2 3 3 4 4 5 5 5 5 6 6 6 6
-39.15379328
ir-26S1-a
H H H H H H C C S Ir Ir Ir Ir
0 1 2 2 3 4 5 6 7 8 8 8 6 6 6 12 7 7 8 7 8 9 10 11
6 6 6 12 7 7 8 7 8 9 10 11 0 1 2 2 3 4 5 6 7 8 8 8
-45.62269254
ir-26S2-a
H H H H H H C C S Ir Ir Ir Ir Ir
0 1 1 2 3 4 5 5 6 7 8 8 8 6 6 9 6 7 7 7 11 8 8 10 12 13
6 6 9 6 7 7 7 11 8 8 10 12 13 0 1 1 2 3 4 5 5 6 7 8 8 8
-45.777981839999995
ir-36S1-a
H H H H H H C C C S Ir Ir Ir Ir Ir
0 1 1 2 3 4 5 5 6 7 8 8 8 8 9 9 9 9 6 6 11 6 7 7 8 13 7 8 9 12 13 14 10 12 13 14
6 6 11 6 7 7 8 13 7 8 9 12 13 14 10 12 13 14 0 1 1 2 3 4 5 5 6 7 8 8 8 8 9 9 9 9
-55.67748075999998
ir-36S2-a
H H H H H H C C C S Ir Ir Ir Ir Ir Ir
0 0 1 2 3 4 4 5 6 6 7 7 7 7 7 8 9 9 9 9 6 13 6 6 8 8 10 8 7 14 8 9 11 14 15 14 11 12 14 15
6 13 6 6 8 8 10 8 7 14 8 9 11 14 15 14 11 12 14 15 0 0 1 2 3 4 4 5 6 6 7 7 7 7 7 8 9 9 9 9
-55.85560404
ir-38S1-a
H H H H H H H H C C C S Ir Ir Ir Ir Ir Ir
0 1 2 3 3 4 5 6 6 7 8 9 10 11 11 11 11 8 8 8 9 12 9 10 10 14 11 9 10 11 13 15 16 17
8 8 8 9 12 9 10 10 14 11 9 10 11 13 15 16 17 0 1 2 3 3 4 5 6 6 7 8 9 10 11 11 11 11
-62.316365289999965
ir-38S2-a
H H H H H H H H C C C S Ir Ir Ir Ir
0 1 2 3 4 5 6 6 7 8 9 9 11 11 11 11 8 8 8 10 10 10 9 15 11 9 10 11 12 13 14 15
8 8 8 10 10 10 9 15 11 9 10 11 12 13 14 15 0 1 2 3 4 5 6 6 7 8 9 9 11 11 11 11
-62.25805380999998
ir-38S3-a
H H H H H H H H C C C S Ir Ir Ir Ir Ir
0 1 1 2 3 4 5 6 7 7 8 9 10 11 11 11 8 8 14 8 9 9 10 10 10 16 9 11 11 12 13 15
8 8 14 8 9 9 10 10 10 16 9 11 11 12 13 15 0 1 1 2 3 4 5 6 7 7 8 9 10 11 11 11
-62.39818895999997
ir-48S1-a
H H H H H H H H C C C C S Ir Ir Ir Ir Ir
0 1 2 3 4 4 5 6 7 7 8 9 10 11 11 11 11 12 12 12 12 8 8 8 9 9 14 10 10 11 16 9 10 11 12 15 16 17 13 15 16 17
8 8 8 9 9 14 10 10 11 16 9 10 11 12 15 16 17 13 15 16 17 0 1 2 3 4 4 5 6 7 7 8 9 10 11 11 11 11 12 12 12 12
-72.36896277
ir-48S2-a
H H H H H H H H C C C C S Ir Ir Ir Ir Ir
0 1 2 2 3 4 5 6 7 7 8 9 9 11 11 11 11 12 12 12 12 8 8 8 13 10 10 10 9 11 14 9 10 11 12 14 15 16 14 15 16 17
8 8 8 13 10 10 10 9 11 14 9 10 11 12 14 15 16 14 15 16 17 0 1 2 2 3 4 5 6 7 7 8 9 9 11 11 11 11 12 12 12 12
-72.35318278999995
ir-48S3-a
H H H H H H H H C C C C S Ir Ir Ir Ir Ir Ir
0 1 2 3 3 4 5 6 6 7 8 9 10 10 10 10 10 11 12 12 12 12 8 8 8 9 14 9 11 11 13 11 9 10 11 12 15 16 17 15 15 16 17 18
8 8 8 9 14 9 11 11 13 11 9 10 11 12 15 16 17 15 15 16 17 18 0 1 2 3 3 4 5 6 6 7 8 9 10 10 10 10 10 11 12 12 12 12
-72.44112568999998
ir-4aS1-a
H H H H H H H H H H C C C C S Ir Ir Ir Ir Ir Ir Ir
0 1 1 2 3 4 5 5 6 7 8 8 9 10 11 12 13 14 14 14 14 10 10 15 10 11 11 12 16 12 13 13 18 14 11 12 13 14 17 19 20 21
10 10 15 10 11 11 12 16 12 13 13 18 14 11 12 13 14 17 19 20 21 0 1 1 2 3 4 5 5 6 7 8 8 9 10 11 12 13 14 14 14 14
-79.00574544
ir-4aS2-a
H H H H H H H H H H C C C C S Ir Ir Ir
0 1 2 3 3 4 5 6 7 8 9 9 10 11 11 12 14 14 10 10 10 11 16 12 12 13 13 13 14 17 11 12 14 13 15 17
10 10 10 11 16 12 12 13 13 13 14 17 11 12 14 13 15 17 0 1 2 3 3 4 5 6 7 8 9 9 10 11 11 12 14 14
-79.00455534999998
ir-4aS3-a
H H H H H H H H H H C C C C S Ir Ir Ir Ir
0 1 2 2 3 3 4 5 6 7 8 9 9 10 11 11 12 14 14 10 10 10 15 11 18 12 12 13 13 13 14 17 11 12 14 13 16 17
10 10 10 15 11 18 12 12 13 13 13 14 17 11 12 14 13 16 17 0 1 2 2 3 3 4 5 6 7 8 9 9 10 11 11 12 14 14
-78.99741368999997
ir-4aS4-a
H H H H H H H H H H C C C C S Ir Ir Ir Ir Ir Ir
0 1 1 2 3 4 5 6 6 7 8 9 10 11 11 11 14 14 14 14 10 10 18 10 12 12 12 13 15 13 13 14 11 12 13 14 16 17 19 20
10 10 18 10 12 12 12 13 15 13 13 14 11 12 13 14 16 17 19 20 0 1 1 2 3 4 5 6 6 7 8 9 10 11 11 11 14 14 14 14
-79.00157858999995
ir-4aS5-a
H H H H H H H H H H C C C C S Ir Ir Ir Ir Ir Ir Ir
0 1 2 2 3 4 4 5 6 6 7 8 9 9 10 11 12 12 14 14 14 10 10 10 15 11 11 18 12 12 19 13 13 13 21 11 14 13 14 16 17 20
10 10 10 15 11 11 18 12 12 19 13 13 13 21 11 14 13 14 16 17 20 0 1 2 2 3 4 4 5 6 6 7 8 9 9 10 11 12 12 14 14 14
-79.01838666999998
ir-4aS6-a
H H H H H H H H H H C C C C S Ir Ir Ir Ir Ir Ir
0 1 2 3 3 4 5 6 6 7 7 8 9 9 10 11 12 13 14 14 10 10 10 11 15 11 12 12 17 13 20 13 13 18 11 12 14 14 16 19
10 10 10 11 15 11 12 12 17 13 20 13 13 18 11 12 14 14 16 19 0 1 2 3 3 4 5 6 6 7 7 8 9 9 10 11 12 13 14 14
-79.10810977
ni-12S1-a
H H C S Ni Ni Ni Ni
0 0 1 1 2 2 3 3 3 3 2 6 2 6 3 6 4 5 6 7
2 6 2 6 3 6 4 5 6 7 0 0 1 1 2 2 3 3 3 3
-22.061845790000007
ni-14S1-a
H H H H C S Ni Ni Ni
0 1 2 3 4 5 5 5 4 4 4 5 5 6 7 8
4 4 4 5 5 6 7 8 0 1 2 3 4 5 5 5
-28.72400203000001
ni-24S1-a
H H H H C C S Ni Ni Ni Ni Ni
0 1 1 2 3 3 4 4 5 5 6 6 6 6 4 4 8 4 5 11 5 11 6 11 7 9 10 11
4 4 8 4 5 11 5 11 6 11 7 9 10 11 0 1 1 2 3 3 4 4 5 5 6 6 6 6
-38.78709592000001
ni-26S1-a
H H H H H H C C S Ni Ni Ni Ni Ni
0 1 2 2 3 4 5 6 7 8 8 8 8 6 6 6 9 7 7 8 7 8 10 11 12 13
6 6 6 9 7 7 8 7 8 10 11 12 13 0 1 2 2 3 4 5 6 7 8 8 8 8
-45.397055569999964
ni-26S2-a
H H H H H H C C S Ni Ni Ni Ni
0 1 2 3 4 5 6 7 8 8 8 8 6 6 6 7 7 7 8 8 9 10 11 12
6 6 6 7 7 7 8 8 9 10 11 12 0 1 2 3 4 5 6 7 8 8 8 8
-45.48400090999996
ni-36S1-a
H H H H H H C C C S Ni Ni Ni Ni Ni
0 1 1 2 3 4 5 5 6 7 8 8 9 9 9 9 6 6 11 6 7 7 8 13 7 8 9 13 10 12 13 14
6 6 11 6 7 7 8 13 7 8 9 13 10 12 13 14 0 1 1 2 3 4 5 5 6 7 8 8 9 9 9 9
-55.34221188999999
ni-36S2-a
H H H H H H C C C S Ni Ni Ni Ni Ni Ni
0 0 1 2 3 4 4 5 6 6 7 7 7 8 9 9 9 9 6 13 6 6 8 8 10 8 7 14 8 9 14 14 11 12 14 15
6 13 6 6 8 8 10 8 7 14 8 9 14 14 11 12 14 15 0 0 1 2 3 4 4 5 6 6 7 7 7 8 9 9 9 9
-55.50971973999998
ni-38S1-a
H H H H H H H H C C C S Ni Ni Ni Ni Ni
0 1 2 3 3 4 5 6 7 8 9 10 11 11 11 11 8 8 8 9 12 9 10 10 11 9 10 11 13 14 15 16
8 8 8 9 12 9 10 10 11 9 10 11 13 14 15 16 0 1 2 3 3 4 5 6 7 8 9 10 11 11 11 11
-62.082008169999995
ni-38S2-a
H H H H H H H H C C C S Ni Ni Ni Ni
0 1 2 3 4 5 6 6 7 8 9 9 11 11 11 11 8 8 8 10 10 10 9 15 11 9 10 11 12 13 14 15
8 8 8 10 10 10 9 15 11 9 10 11 12 13 14 15 0 1 2 3 4 5 6 6 7 8 9 9 11 11 11 11
-62.265153870000006
ni-38S3-a
H H H H H H H H C C C S Ni Ni Ni Ni
0 1 2 3 4 5 6 7 8 9 10 11 11 11 11 8 8 8 9 9 10 10 10 9 11 11 12 13 14 15
8 8 8 9 9 10 10 10 9 11 11 12 13 14 15 0 1 2 3 4 5 6 7 8 9 10 11 11 11 11
-62.135892799999965
ni-48S1-a
H H H H H H H H C C C C S Ni Ni Ni Ni Ni
0 1 2 3 4 4 5 6 7 7 8 9 10 11 11 12 12 12 12 8 8 8 9 9 14 10 10 11 16 9 10 11 12 16 13 15 16 17
8 8 8 9 9 14 10 10 11 16 9 10 11 12 16 13 15 16 17 0 1 2 3 4 4 5 6 7 7 8 9 10 11 11 12 12 12 12
-72.01586241000001
ni-48S2-a
H H H H H H H H C C C C S Ni Ni Ni Ni Ni
0 1 2 2 3 4 5 6 7 7 8 9 9 11 11 12 12 12 12 8 8 8 13 10 10 10 9 11 14 9 10 11 12 14 14 15 16 17
8 8 8 13 10 10 10 9 11 14 9 10 11 12 14 14 15 16 17 0 1 2 2 3 4 5 6 7 7 8 9 9 11 11 12 12 12 12
-72.01563288
ni-48S3-a
H H H H H H H H C C C C S Ni Ni Ni Ni Ni Ni
0 1 2 3 3 4 5 6 6 7 8 9 10 10 10 11 12 12 12 12 8 8 8 9 14 9 11 11 13 11 9 10 11 12 15 15 15 16 17 18
8 8 8 9 14 9 11 11 13 11 9 10 11 12 15 15 15 16 17 18 0 1 2 3 3 4 5 6 6 7 8 9 10 10 10 11 12 12 12 12
-72.08398616
ni-4aS1-a
H H H H H H H H H H C C C C S Ni Ni Ni Ni Ni Ni
0 1 1 2 3 4 5 5 6 7 8 9 10 11 12 13 14 14 14 14 10 10 15 10 11 11 12 16 12 13 13 14 11 12 13 14 17 18 19 20
10 10 15 10 11 11 12 16 12 13 13 14 11 12 13 14 17 18 19 20 0 1 1 2 3 4 5 5 6 7 8 9 10 11 12 13 14 14 14 14
-78.78106631999998
ni-4aS2-a
H H H H H H H H H H C C C C S Ni Ni Ni Ni
0 1 2 3 3 4 5 6 7 8 9 10 11 11 12 14 14 14 10 10 10 11 16 12 12 13 13 13 14 11 12 14 13 15 17 18
10 10 10 11 16 12 12 13 13 13 14 11 12 14 13 15 17 18 0 1 2 3 3 4 5 6 7 8 9 10 11 11 12 14 14 14
-78.77614541999998
ni-4aS3-a
H H H H H H H H H H C C C C S Ni Ni Ni Ni
0 1 2 3 3 4 5 6 7 8 9 10 11 11 12 14 14 14 10 10 10 11 18 12 12 13 13 13 14 11 12 14 13 15 16 17
10 10 10 11 18 12 12 13 13 13 14 11 12 14 13 15 16 17 0 1 2 3 3 4 5 6 7 8 9 10 11 11 12 14 14 14
-78.77031188000001
ni-4aS4-a
H H H H H H H H H H C C C C S Ni Ni Ni Ni Ni Ni
0 1 1 2 3 4 5 6 6 7 8 9 10 11 11 11 14 14 14 14 10 10 18 10 12 12 12 13 15 13 13 14 11 12 13 14 16 17 19 20
10 10 18 10 12 12 12 13 15 13 13 14 11 12 13 14 16 17 19 20 0 1 1 2 3 4 5 6 6 7 8 9 10 11 11 11 14 14 14 14
-78.81019437999998
ni-4aS5-a
H H H H H H H H H H C C C C S Ni Ni Ni Ni Ni Ni Ni
0 1 2 2 3 4 4 5 6 6 7 8 9 9 10 11 12 12 14 14 14 10 10 10 15 11 11 18 12 12 19 13 13 13 21 11 14 13 14 16 17 20
10 10 10 15 11 11 18 12 12 19 13 13 13 21 11 14 13 14 16 17 20 0 1 2 2 3 4 4 5 6 6 7 8 9 9 10 11 12 12 14 14 14
-78.77887936999997
ni-4aS6-a
H H H H H H H H H H C C C C S Ni Ni Ni Ni
0 1 2 3 3 4 5 6 7 8 9 10 11 12 13 14 14 14 10 10 10 11 18 11 12 12 13 13 13 11 12 14 14 15 16 17
10 10 10 11 18 11 12 12 13 13 13 11 12 14 14 15 16 17 0 1 2 3 3 4 5 6 7 8 9 10 11 12 13 14 14 14
-78.83273445999998
os-12S1-a
H H C S Os Os Os Os
0 0 1 1 2 2 2 2 3 3 3 3 2 6 2 6 3 4 6 7 4 5 6 7
2 6 2 6 3 4 6 7 4 5 6 7 0 0 1 1 2 2 2 2 3 3 3 3
-22.519837480000092
os-14S1-a
H H H H C S Os Os Os Os
0 1 2 3 4 5 5 5 5 4 4 4 5 5 6 7 8 9
4 4 4 5 5 6 7 8 9 0 1 2 3 4 5 5 5 5
-29.00273474000005
os-24S1-a
H H H H C C S Os Os Os Os Os
0 1 1 2 3 3 4 4 5 5 5 5 6 6 6 6 4 4 8 4 5 11 5 11 6 9 10 11 7 9 10 11
4 4 8 4 5 11 5 11 6 9 10 11 7 9 10 11 0 1 1 2 3 3 4 4 5 5 5 5 6 6 6 6
-39.25259871000003
os-26S1-a
H H H H H H C C S Os Os Os Os Os Os
0 1 2 2 3 4 4 5 6 7 8 8 8 8 6 6 6 9 7 7 11 8 7 8 10 12 13 14
6 6 6 9 7 7 11 8 7 8 10 12 13 14 0 1 2 2 3 4 4 5 6 7 8 8 8 8
-45.65602562000004
os-26S2-a
H H H H H H C C S Os Os Os Os Os Os
0 1 1 2 3 4 5 5 6 7 8 8 8 8 6 6 9 6 7 7 7 11 8 8 10 12 13 14
6 6 9 6 7 7 7 11 8 8 10 12 13 14 0 1 1 2 3 4 5 5 6 7 8 8 8 8
-45.804483960000084
os-36S1-a
H H H H H H C C C S Os Os Os Os Os
0 1 1 2 3 4 5 5 6 7 8 8 8 8 9 9 9 9 6 6 11 6 7 7 8 13 7 8 9 12 13 14 10 12 13 14
6 6 11 6 7 7 8 13 7 8 9 12 13 14 10 12 13 14 0 1 1 2 3 4 5 5 6 7 8 8 8 8 9 9 9 9
-55.88220280000007
os-36S2-a
H H H H H H C C C S Os Os Os Os Os Os
0 0 1 2 3 4 4 5 6 6 7 7 7 7 7 8 9 9 9 9 6 13 6 6 8 8 10 8 7 14 8 9 11 14 15 14 11 12 14 15
6 13 6 6 8 8 10 8 7 14 8 9 11 14 15 14 11 12 14 15 0 0 1 2 3 4 4 5 6 6 7 7 7 7 7 8 9 9 9 9
-55.98197799000002
os-38S1-a
H H H H H H H H C C C S Os Os Os Os Os Os
0 1 2 3 3 4 5 6 6 7 8 9 10 11 11 11 11 8 8 8 9 12 9 10 10 14 11 9 10 11 13 15 16 17
8 8 8 9 12 9 10 10 14 11 9 10 11 13 15 16 17 0 1 2 3 3 4 5 6 6 7 8 9 10 11 11 11 11
-62.3558887800001
os-38S2-a
H H H H H H H H C C C S Os Os Os Os
0 1 2 3 4 5 6 6 7 8 9 9 11 11 11 11 8 8 8 10 10 10 9 15 11 9 10 11 12 13 14 15
8 8 8 10 10 10 9 15 11 9 10 11 12 13 14 15 0 1 2 3 4 5 6 6 7 8 9 9 11 11 11 11
-62.57775322000009
os-38S3-a
H H H H H H H H C C C S Os Os Os Os Os Os Os
0 1 1 2 3 4 4 5 5 6 7 7 8 9 10 11 11 11 11 8 8 15 8 9 9 16 10 14 10 10 18 9 11 11 12 13 14 17
8 8 15 8 9 9 16 10 14 10 10 18 9 11 11 12 13 14 17 0 1 1 2 3 4 4 5 5 6 7 7 8 9 10 11 11 11 11
-62.446261270000036
os-48S1-a
H H H H H H H H C C C C S Os Os Os Os Os
0 1 2 3 4 4 5 6 7 7 8 9 10 11 11 11 11 12 12 12 12 8 8 8 9 9 14 10 10 11 16 9 10 11 12 15 16 17 13 15 16 17
8 8 8 9 9 14 10 10 11 16 9 10 11 12 15 16 17 13 15 16 17 0 1 2 3 4 4 5 6 7 7 8 9 10 11 11 11 11 12 12 12 12
-72.59660329000008
os-48S2-a
H H H H H H H H C C C C S Os Os Os Os Os
0 1 2 2 3 4 5 6 7 7 8 9 9 11 11 11 11 12 12 12 12 8 8 8 13 10 10 10 9 11 14 9 10 11 12 14 15 16 14 15 16 17
8 8 8 13 10 10 10 9 11 14 9 10 11 12 14 15 16 14 15 16 17 0 1 2 2 3 4 5 6 7 7 8 9 9 11 11 11 11 12 12 12 12
-72.5503679300001
os-48S3-a
H H H H H H H H C C C C S Os Os Os Os Os Os
0 1 2 3 3 4 5 6 6 7 8 9 10 10 10 11 12 12 12 12 8 8 8 9 14 9 11 11 13 11 9 10 11 12 15 15 15 16 17 18
8 8 8 9 14 9 11 11 13 11 9 10 11 12 15 15 15 16 17 18 0 1 2 3 3 4 5 6 6 7 8 9 10 10 10 11 12 12 12 12
-72.64227864000009
os-4aS1-a
H H H H H H H H H H C C C C S Os Os Os Os Os Os Os
0 1 1 2 3 4 5 5 6 7 8 8 9 10 11 12 13 14 14 14 14 10 10 15 10 11 11 12 16 12 13 13 18 14 11 12 13 14 17 19 20 21
10 10 15 10 11 11 12 16 12 13 13 18 14 11 12 13 14 17 19 20 21 0 1 1 2 3 4 5 5 6 7 8 8 9 10 11 12 13 14 14 14 14
-79.02363874000002
os-4aS2-a
H H H H H H H H H H C C C C S Os Os Os Os
0 1 2 3 3 4 5 6 7 8 9 10 11 11 12 14 14 14 10 10 10 11 16 12 12 13 13 13 14 11 12 14 13 15 17 18
10 10 10 11 16 12 12 13 13 13 14 11 12 14 13 15 17 18 0 1 2 3 3 4 5 6 7 8 9 10 11 11 12 14 14 14
-79.0110140600001
os-4aS3-a
H H H H H H H H H H C C C C S Os Os Os Os Os
0 1 2 2 3 3 4 5 6 7 8 9 10 11 11 12 14 14 14 10 10 10 16 11 15 12 12 13 13 13 14 11 12 14 13 17 18 19
10 10 10 16 11 15 12 12 13 13 13 14 11 12 14 13 17 18 19 0 1 2 2 3 3 4 5 6 7 8 9 10 11 11 12 14 14 14
-79.01195468000003
os-4aS4-a
H H H H H H H H H H C C C C S Os Os Os Os Os Os
0 1 1 2 3 4 5 6 6 7 8 9 10 11 11 11 14 14 14 14 10 10 18 10 12 12 12 13 15 13 13 14 11 12 13 14 16 17 19 20
10 10 18 10 12 12 12 13 15 13 13 14 11 12 13 14 16 17 19 20 0 1 1 2 3 4 5 6 6 7 8 9 10 11 11 11 14 14 14 14
-79.03358197
os-4aS5-a
H H H H H H H H H H C C C C S Os Os Os Os Os
0 1 2 2 3 4 4 5 6 6 7 8 9 9 10 11 12 12 14 10 10 10 15 11 11 16 12 12 17 13 13 13 19 11 14 13 14 18
10 10 10 15 11 11 16 12 12 17 13 13 13 19 11 14 13 14 18 0 1 2 2 3 4 4 5 6 6 7 8 9 9 10 11 12 12 14
-79.03254403000005
os-4aS6-a
H H H H H H H H H H C C C C S Os Os Os Os Os Os Os
0 1 2 3 3 4 5 6 6 7 7 8 9 9 10 11 12 13 14 14 14 14 10 10 10 11 15 11 12 12 18 13 21 13 13 19 11 12 14 14 16 17 20 21
10 10 10 11 15 11 12 12 18 13 21 13 13 19 11 12 14 14 16 17 20 21 0 1 2 3 3 4 5 6 6 7 7 8 9 9 10 11 12 13 14 14 14 14
-79.13785394000001
pd-12S1-a
H H C S Pd Pd Pd Pd
0 0 1 1 2 2 2 2 3 3 3 3 2 6 2 6 3 4 6 7 4 5 6 7
2 6 2 6 3 4 6 7 4 5 6 7 0 0 1 1 2 2 2 2 3 3 3 3
-22.163634510000037
pd-14S1-a
H H H H C S Pd Pd Pd Pd
0 1 1 2 3 3 4 5 5 5 4 4 6 4 5 8 5 7 8 9
4 4 6 4 5 8 5 7 8 9 0 1 1 2 3 3 4 5 5 5
-28.892604369999987
pd-24S1-a
H H H H C C S Pd Pd Pd Pd Pd
0 1 1 2 3 3 4 4 5 5 5 5 6 6 6 6 4 4 8 4 5 11 5 11 6 9 10 11 7 9 10 11
4 4 8 4 5 11 5 11 6 9 10 11 7 9 10 11 0 1 1 2 3 3 4 4 5 5 5 5 6 6 6 6
-38.923047620000006
pd-26S1-a
H H H H H H C C S Pd Pd Pd Pd
0 1 2 2 3 4 5 5 6 7 8 8 8 6 6 6 12 7 7 8 11 7 8 9 10 11
6 6 6 12 7 7 8 11 7 8 9 10 11 0 1 2 2 3 4 5 5 6 7 8 8 8
-45.588035640000015
pd-26S2-a
H H H H H H C C S Pd Pd Pd Pd Pd
0 1 1 2 3 4 5 5 6 6 7 7 7 8 8 8 6 6 9 6 7 7 7 11 8 12 8 11 12 10 12 13
6 6 9 6 7 7 7 11 8 12 8 11 12 10 12 13 0 1 1 2 3 4 5 5 6 6 7 7 7 8 8 8
-45.67721242000002
pd-36S1-a
H H H H H H C C C S Pd Pd Pd Pd Pd Pd
0 1 1 2 3 4 5 5 5 6 7 7 8 8 8 8 9 9 9 9 6 6 12 6 7 7 8 11 14 7 8 14 9 13 14 15 10 13 14 15
6 6 12 6 7 7 8 11 14 7 8 14 9 13 14 15 10 13 14 15 0 1 1 2 3 4 5 5 5 6 7 7 8 8 8 8 9 9 9 9
-55.46277124000002
pd-36S2-a
H H H H H H C C C S Pd Pd Pd Pd Pd Pd
0 0 1 2 3 4 4 5 6 6 7 7 7 7 7 8 9 9 9 9 6 13 6 6 8 8 10 8 7 14 8 9 11 14 15 14 11 12 14 15
6 13 6 6 8 8 10 8 7 14 8 9 11 14 15 14 11 12 14 15 0 0 1 2 3 4 4 5 6 6 7 7 7 7 7 8 9 9 9 9
-55.66707658999999
pd-38S1-a
H H H H H H H H C C C S Pd Pd Pd Pd Pd Pd
0 1 2 3 3 4 5 6 6 7 7 8 9 10 11 11 11 11 8 8 8 9 12 9 10 10 14 11 16 9 10 11 13 15 16 17
8 8 8 9 12 9 10 10 14 11 16 9 10 11 13 15 16 17 0 1 2 3 3 4 5 6 6 7 7 8 9 10 11 11 11 11
-62.27789998
pd-38S2-a
H H H H H H H H C C C S Pd Pd Pd Pd
0 1 2 3 4 5 6 6 7 8 9 9 11 11 11 11 8 8 8 10 10 10 9 15 11 9 10 11 12 13 14 15
8 8 8 10 10 10 9 15 11 9 10 11 12 13 14 15 0 1 2 3 4 5 6 6 7 8 9 9 11 11 11 11
-62.37262673000001
pd-38S3-a
H H H H H H H H C C C S Pd Pd Pd Pd Pd Pd
0 1 1 1 2 3 4 5 5 6 7 7 8 9 10 10 10 11 11 11 8 8 12 15 8 9 9 10 14 10 10 17 9 11 11 16 17 13 14 16
8 8 12 15 8 9 9 10 14 10 10 17 9 11 11 16 17 13 14 16 0 1 1 1 2 3 4 5 5 6 7 7 8 9 10 10 10 11 11 11
-62.35272917
pd-48S1-a
H H H H H H H H C C C C S Pd Pd Pd Pd Pd Pd
0 1 2 3 4 4 5 6 7 7 7 8 9 10 10 11 11 11 11 12 12 12 12 8 8 8 9 9 15 10 10 11 14 17 9 10 11 17 12 16 17 18 13 16 17 18
8 8 8 9 9 15 10 10 11 14 17 9 10 11 17 12 16 17 18 13 16 17 18 0 1 2 3 4 4 5 6 7 7 7 8 9 10 10 11 11 11 11 12 12 12 12
-72.12404638000001
pd-48S2-a
H H H H H H H H C C C C S Pd Pd Pd Pd Pd Pd
0 1 2 2 3 4 5 6 7 7 7 8 9 9 11 11 11 11 12 12 12 12 8 8 8 14 10 10 10 9 11 13 15 9 10 11 12 15 16 17 15 16 17 18
8 8 8 14 10 10 10 9 11 13 15 9 10 11 12 15 16 17 15 16 17 18 0 1 2 2 3 4 5 6 7 7 7 8 9 9 11 11 11 11 12 12 12 12
-72.13539709
pd-48S3-a
H H H H H H H H C C C C S Pd Pd Pd Pd Pd Pd
0 1 2 3 3 4 5 6 6 7 8 9 9 10 10 10 10 10 11 12 12 12 12 8 8 8 9 14 9 11 11 13 11 9 10 15 11 12 15 16 17 15 15 16 17 18
8 8 8 9 14 9 11 11 13 11 9 10 15 11 12 15 16 17 15 15 16 17 18 0 1 2 3 3 4 5 6 6 7 8 9 9 10 10 10 10 10 11 12 12 12 12
-72.22637458
pd-4aS1-a
H H H H H H H H H H C C C C S Pd Pd Pd Pd Pd Pd Pd
0 1 1 2 3 4 5 5 6 7 8 8 9 9 10 11 12 13 14 14 14 14 10 10 15 10 11 11 12 16 12 13 13 18 14 20 11 12 13 14 17 19 20 21
10 10 15 10 11 11 12 16 12 13 13 18 14 20 11 12 13 14 17 19 20 21 0 1 1 2 3 4 5 5 6 7 8 8 9 9 10 11 12 13 14 14 14 14
-78.97955478000003
pd-4aS2-a
H H H H H H H H H H C C C C S Pd Pd Pd Pd Pd
0 1 2 3 3 3 4 5 6 7 8 9 9 9 10 11 11 12 14 14 10 10 10 11 15 18 12 12 13 13 13 14 16 19 11 12 14 13 17 19
10 10 10 11 15 18 12 12 13 13 13 14 16 19 11 12 14 13 17 19 0 1 2 3 3 3 4 5 6 7 8 9 9 9 10 11 11 12 14 14
-78.98785046999998
pd-4aS3-a
H H H H H H H H H H C C C C S Pd Pd Pd Pd
0 1 2 2 3 3 4 5 6 7 8 9 9 10 11 11 12 14 14 10 10 10 15 11 18 12 12 13 13 13 14 17 11 12 14 13 16 17
10 10 10 15 11 18 12 12 13 13 13 14 17 11 12 14 13 16 17 0 1 2 2 3 3 4 5 6 7 8 9 9 10 11 11 12 14 14
-78.97283113
pd-4aS4-a
H H H H H H H H H H C C C C S Pd Pd Pd Pd Pd Pd
0 1 1 2 3 4 5 6 6 7 8 9 9 10 11 11 11 14 14 14 14 10 10 18 10 12 12 12 13 15 13 13 14 19 11 12 13 14 16 17 19 20
10 10 18 10 12 12 12 13 15 13 13 14 19 11 12 13 14 16 17 19 20 0 1 1 2 3 4 5 6 6 7 8 9 9 10 11 11 11 14 14 14 14
-79.0291096
pd-4aS5-a
H H H H H H H H H H C C C C S Pd Pd Pd Pd Pd Pd Pd
0 1 2 2 3 4 4 5 6 6 7 8 9 9 10 11 12 12 14 14 14 10 10 10 15 11 11 18 12 12 19 13 13 13 21 11 14 13 14 16 17 20
10 10 10 15 11 11 18 12 12 19 13 13 13 21 11 14 13 14 16 17 20 0 1 2 2 3 4 4 5 6 6 7 8 9 9 10 11 12 12 14 14 14
-79.00650290000002
pd-4aS6-a
H H H H H H H H H H C C C C S Pd Pd Pd Pd Pd Pd Pd
0 1 2 3 3 4 5 6 6 7 7 8 9 9 10 11 12 13 13 14 14 14 10 10 10 11 15 11 12 12 18 13 21 13 13 19 11 12 14 14 20 16 17 20
10 10 10 11 15 11 12 12 18 13 21 13 13 19 11 12 14 14 20 16 17 20 0 1 2 3 3 4 5 6 6 7 7 8 9 9 10 11 12 13 13 14 14 14
-79.04919515000003
pt-12S1-a
H H C S Pt Pt Pt Pt
0 0 1 1 2 2 2 2 3 3 3 3 2 6 2 6 3 4 6 7 4 5 6 7
2 6 2 6 3 4 6 7 4 5 6 7 0 0 1 1 2 2 2 2 3 3 3 3
-22.288111609999987
pt-14S1-a
H H H H C S Pt
0 1 2 3 4 5 4 4 4 5 5 6
4 4 4 5 5 6 0 1 2 3 4 5
-28.992868680000015
pt-24S1-a
H H H H C C S Pt Pt Pt Pt Pt
0 1 1 2 3 3 4 4 5 5 5 5 6 6 6 6 4 4 8 4 5 11 5 11 6 9 10 11 7 9 10 11
4 4 8 4 5 11 5 11 6 9 10 11 7 9 10 11 0 1 1 2 3 3 4 4 5 5 5 5 6 6 6 6
-39.03750738000002
pt-26S1-a
H H H H H H C C S Pt Pt Pt Pt
0 1 2 2 3 4 5 6 7 8 8 8 6 6 6 12 7 7 8 7 8 9 10 11
6 6 6 12 7 7 8 7 8 9 10 11 0 1 2 2 3 4 5 6 7 8 8 8
-45.66461817999999
pt-26S2-a
H H H H H H C C S Pt
0 1 2 3 4 5 6 7 8 6 6 6 7 7 7 8 8 9
6 6 6 7 7 7 8 8 9 0 1 2 3 4 5 6 7 8
-45.80905223000002
pt-36S1-a
H H H H H H C C C S Pt Pt Pt Pt Pt
0 1 1 2 3 4 5 5 6 7 8 8 8 8 9 9 9 9 6 6 11 6 7 7 8 13 7 8 9 12 13 14 10 12 13 14
6 6 11 6 7 7 8 13 7 8 9 12 13 14 10 12 13 14 0 1 1 2 3 4 5 5 6 7 8 8 8 8 9 9 9 9
-55.506165650000014
pt-36S2-a
H H H H H H C C C S Pt Pt Pt Pt Pt Pt
0 0 1 2 3 4 4 5 6 6 7 7 7 7 7 8 9 9 9 9 6 13 6 6 8 8 10 8 7 14 8 9 11 14 15 14 11 12 14 15
6 13 6 6 8 8 10 8 7 14 8 9 11 14 15 14 11 12 14 15 0 0 1 2 3 4 4 5 6 6 7 7 7 7 7 8 9 9 9 9
-55.75253500000002
pt-38S1-a
H H H H H H H H C C C S Pt Pt
0 1 2 3 3 4 5 6 7 8 9 10 11 8 8 8 9 13 9 10 10 11 9 10 11 12
8 8 8 9 13 9 10 10 11 9 10 11 12 0 1 2 3 3 4 5 6 7 8 9 10 11
-62.35577489000002
pt-38S2-a
H H H H H H H H C C C S Pt Pt Pt Pt
0 1 2 3 4 5 6 6 7 8 9 9 11 11 11 11 8 8 8 10 10 10 9 15 11 9 10 11 12 13 14 15
8 8 8 10 10 10 9 15 11 9 10 11 12 13 14 15 0 1 2 3 4 5 6 6 7 8 9 9 11 11 11 11
-62.25506844
pt-38S3-a
H H H H H H H H C C C S Pt Pt Pt
0 1 1 2 3 4 5 6 7 8 9 10 11 11 8 8 13 8 9 9 10 10 10 9 11 11 12 14
8 8 13 8 9 9 10 10 10 9 11 11 12 14 0 1 1 2 3 4 5 6 7 8 9 10 11 11
-62.45537626999999
pt-48S1-a
H H H H H H H H C C C C S Pt Pt Pt Pt Pt
0 1 2 3 4 4 5 6 7 7 8 9 10 11 11 11 11 12 12 12 12 8 8 8 9 9 14 10 10 11 16 9 10 11 12 15 16 17 13 15 16 17
8 8 8 9 9 14 10 10 11 16 9 10 11 12 15 16 17 13 15 16 17 0 1 2 3 4 4 5 6 7 7 8 9 10 11 11 11 11 12 12 12 12
-72.17381898000002
pt-48S2-a
H H H H H H H H C C C C S Pt Pt Pt Pt Pt
0 1 2 2 3 4 5 6 7 7 8 9 9 11 11 11 11 12 12 12 12 8 8 8 13 10 10 10 9 11 14 9 10 11 12 14 15 16 14 15 16 17
8 8 8 13 10 10 10 9 11 14 9 10 11 12 14 15 16 14 15 16 17 0 1 2 2 3 4 5 6 7 7 8 9 9 11 11 11 11 12 12 12 12
-72.18055112000002
pt-48S3-a
H H H H H H H H C C C C S Pt Pt Pt Pt Pt Pt
0 1 2 3 3 4 5 6 6 7 8 9 9 10 10 10 10 10 11 12 12 12 12 8 8 8 9 14 9 11 11 13 11 9 10 15 11 12 15 16 17 15 15 16 17 18
8 8 8 9 14 9 11 11 13 11 9 10 15 11 12 15 16 17 15 15 16 17 18 0 1 2 3 3 4 5 6 6 7 8 9 9 10 10 10 10 10 11 12 12 12 12
-72.26580100000001
pt-4aS1-a
H H H H H H H H H H C C C C S Pt Pt Pt Pt
0 1 1 2 3 4 5 5 6 7 8 8 9 10 11 12 13 14 10 10 17 10 11 11 12 18 12 13 13 16 14 11 12 13 14 15
10 10 17 10 11 11 12 18 12 13 13 16 14 11 12 13 14 15 0 1 1 2 3 4 5 5 6 7 8 8 9 10 11 12 13 14
-79.05165043
pt-4aS2-a
H H H H H H H H H H C C C C S Pt Pt
0 1 2 3 3 4 5 6 7 8 9 9 10 11 11 12 14 10 10 10 11 15 12 12 13 13 13 14 16 11 12 14 13 16
10 10 10 11 15 12 12 13 13 13 14 16 11 12 14 13 16 0 1 2 3 3 4 5 6 7 8 9 9 10 11 11 12 14
-79.06983821
pt-4aS3-a
H H H H H H H H H H C C C C S Pt Pt Pt
0 1 2 2 3 3 4 5 6 7 8 9 9 10 11 11 12 14 10 10 10 15 11 17 12 12 13 13 13 14 16 11 12 14 13 16
10 10 10 15 11 17 12 12 13 13 13 14 16 11 12 14 13 16 0 1 2 2 3 3 4 5 6 7 8 9 9 10 11 11 12 14
-79.05435786999999
pt-4aS4-a
H H H H H H H H H H C C C C S Pt Pt Pt Pt
0 1 1 2 3 4 5 6 6 7 8 9 10 11 11 11 14 14 10 10 16 10 12 12 12 13 18 13 13 14 11 12 13 14 15 17
10 10 16 10 12 12 12 13 18 13 13 14 11 12 13 14 15 17 0 1 1 2 3 4 5 6 6 7 8 9 10 11 11 11 14 14
-79.08098695000001
pt-4aS5-a
H H H H H H H H H H C C C C S Pt Pt Pt Pt Pt
0 1 2 2 3 4 4 5 6 6 7 8 9 9 10 11 12 12 14 10 10 10 15 11 11 16 12 12 17 13 13 13 19 11 14 13 14 18
10 10 10 15 11 11 16 12 12 17 13 13 13 19 11 14 13 14 18 0 1 2 2 3 4 4 5 6 6 7 8 9 9 10 11 12 12 14
-79.09295702000003
pt-4aS6-a
H H H H H H H H H H C C C C S Pt Pt Pt Pt Pt
0 1 2 3 3 4 5 6 6 7 7 8 9 9 10 11 12 13 14 10 10 10 11 15 11 12 12 16 13 19 13 13 17 11 12 14 14 18
10 10 10 11 15 11 12 12 16 13 19 13 13 17 11 12 14 14 18 0 1 2 3 3 4 5 6 6 7 7 8 9 9 10 11 12 13 14
-79.15698595000003
rh-12S1-a
H H C S Rh Rh Rh Rh
0 0 1 1 2 2 2 2 3 3 3 3 2 6 2 6 3 4 6 7 4 5 6 7
2 6 2 6 3 4 6 7 4 5 6 7 0 0 1 1 2 2 2 2 3 3 3 3
-22.353244860000018
rh-14S1-a
H H H H C S Rh Rh Rh Rh
0 1 2 3 3 4 5 5 5 5 4 4 4 5 8 5 6 7 8 9
4 4 4 5 8 5 6 7 8 9 0 1 2 3 3 4 5 5 5 5
-28.898032790000002
rh-24S1-a
H H H H C C S Rh Rh Rh Rh Rh
0 1 1 2 3 3 4 4 5 5 5 5 6 6 6 6 4 4 8 4 5 11 5 11 6 9 10 11 7 9 10 11
4 4 8 4 5 11 5 11 6 9 10 11 7 9 10 11 0 1 1 2 3 3 4 4 5 5 5 5 6 6 6 6
-39.084249890000024
rh-26S1-a
H H H H H H C C S Rh Rh Rh Rh Rh
0 1 2 2 3 4 5 6 7 8 8 8 8 6 6 6 9 7 7 8 7 8 10 11 12 13
6 6 6 9 7 7 8 7 8 10 11 12 13 0 1 2 2 3 4 5 6 7 8 8 8 8
-45.56569241
rh-26S2-a
H H H H H H C C S Rh Rh Rh Rh Rh Rh
0 1 1 2 3 4 5 5 6 6 6 7 7 7 8 8 8 8 6 6 9 6 7 7 7 11 8 9 13 8 11 13 10 12 13 14
6 6 9 6 7 7 7 11 8 9 13 8 11 13 10 12 13 14 0 1 1 2 3 4 5 5 6 6 6 7 7 7 8 8 8 8
-45.683044069999994
rh-36S1-a
H H H H H H C C C S Rh Rh Rh Rh Rh Rh
0 1 1 2 3 4 5 5 5 6 7 8 8 8 8 9 9 9 9 6 6 12 6 7 7 8 11 14 7 8 9 13 14 15 10 13 14 15
6 6 12 6 7 7 8 11 14 7 8 9 13 14 15 10 13 14 15 0 1 1 2 3 4 5 5 5 6 7 8 8 8 8 9 9 9 9
-55.624513579999984
rh-36S2-a
H H H H H H C C C S Rh Rh Rh Rh Rh Rh
0 0 1 2 3 4 4 5 6 6 7 7 7 7 7 8 9 9 9 9 6 13 6 6 8 8 10 8 7 14 8 9 11 14 15 14 11 12 14 15
6 13 6 6 8 8 10 8 7 14 8 9 11 14 15 14 11 12 14 15 0 0 1 2 3 4 4 5 6 6 7 7 7 7 7 8 9 9 9 9
-55.80705476000003
rh-38S1-a
H H H H H H H H C C C S Rh Rh Rh Rh Rh Rh
0 1 2 3 3 4 5 6 6 7 8 9 10 11 11 11 11 8 8 8 9 12 9 10 10 14 11 9 10 11 13 15 16 17
8 8 8 9 12 9 10 10 14 11 9 10 11 13 15 16 17 0 1 2 3 3 4 5 6 6 7 8 9 10 11 11 11 11
-62.25031863999999
rh-38S2-a
H H H H H H H H C C C S Rh Rh Rh Rh
0 1 2 3 4 5 6 6 7 8 9 9 11 11 11 11 8 8 8 10 10 10 9 15 11 9 10 11 12 13 14 15
8 8 8 10 10 10 9 15 11 9 10 11 12 13 14 15 0 1 2 3 4 5 6 6 7 8 9 9 11 11 11 11
-62.408920920000014
rh-38S3-a
H H H H H H H H C C C S Rh Rh Rh Rh Rh Rh
0 1 1 2 3 4 5 5 6 7 7 8 9 10 10 10 11 11 11 11 8 8 15 8 9 9 10 14 10 10 17 9 11 11 16 17 12 13 14 16
8 8 15 8 9 9 10 14 10 10 17 9 11 11 16 17 12 13 14 16 0 1 1 2 3 4 5 5 6 7 7 8 9 10 10 10 11 11 11 11
-62.322540730000014
rh-48S1-a
H H H H H H H H C C C C S Rh Rh Rh Rh Rh Rh
0 1 2 3 4 4 5 6 7 7 7 8 9 10 11 11 11 11 12 12 12 12 8 8 8 9 9 15 10 10 11 14 17 9 10 11 12 16 17 18 13 16 17 18
8 8 8 9 9 15 10 10 11 14 17 9 10 11 12 16 17 18 13 16 17 18 0 1 2 3 4 4 5 6 7 7 7 8 9 10 11 11 11 11 12 12 12 12
-72.29946458
rh-48S2-a
H H H H H H H H C C C C S Rh Rh Rh Rh Rh Rh
0 1 2 2 3 4 5 6 7 7 7 8 9 9 11 11 11 11 12 12 12 12 8 8 8 14 10 10 10 9 11 13 15 9 10 11 12 15 16 17 15 16 17 18
8 8 8 14 10 10 10 9 11 13 15 9 10 11 12 15 16 17 15 16 17 18 0 1 2 2 3 4 5 6 7 7 7 8 9 9 11 11 11 11 12 12 12 12
-72.29471294000001
rh-48S3-a
H H H H H H H H C C C C S Rh Rh Rh Rh Rh Rh
0 1 2 3 3 4 5 6 6 7 8 9 9 10 10 10 10 10 11 12 12 12 12 8 8 8 9 14 9 11 11 13 11 9 10 15 11 12 15 16 17 15 15 16 17 18
8 8 8 9 14 9 11 11 13 11 9 10 15 11 12 15 16 17 15 15 16 17 18 0 1 2 3 3 4 5 6 6 7 8 9 9 10 10 10 10 10 11 12 12 12 12
-72.37851913000003
rh-4aS1-a
H H H H H H H H H H C C C C S Rh Rh Rh Rh Rh Rh Rh
0 1 1 2 3 4 5 5 6 7 8 8 9 10 11 12 13 14 14 14 14 10 10 15 10 11 11 12 16 12 13 13 18 14 11 12 13 14 17 19 20 21
10 10 15 10 11 11 12 16 12 13 13 18 14 11 12 13 14 17 19 20 21 0 1 1 2 3 4 5 5 6 7 8 8 9 10 11 12 13 14 14 14 14
-78.94170602000003
rh-4aS2-a
H H H H H H H H H H C C C C S Rh Rh Rh Rh Rh
0 1 2 3 3 3 4 5 6 7 8 9 9 10 11 11 12 14 14 14 10 10 10 11 15 17 12 12 13 13 13 14 18 11 12 14 13 16 18 19
10 10 10 11 15 17 12 12 13 13 13 14 18 11 12 14 13 16 18 19 0 1 2 3 3 3 4 5 6 7 8 9 9 10 11 11 12 14 14 14
-78.93410699999998
rh-4aS3-a
H H H H H H H H H H C C C C S Rh Rh Rh Rh Rh
0 1 2 2 3 3 4 5 6 7 8 9 9 10 11 11 12 14 14 14 14 10 10 10 16 11 15 12 12 13 13 13 14 18 11 12 14 13 16 17 18 19
10 10 10 16 11 15 12 12 13 13 13 14 18 11 12 14 13 16 17 18 19 0 1 2 2 3 3 4 5 6 7 8 9 9 10 11 11 12 14 14 14 14
-78.92663419000002
rh-4aS4-a
H H H H H H H H H H C C C C S Rh Rh Rh Rh Rh Rh
0 1 1 2 3 4 5 6 6 7 8 9 9 10 11 11 11 14 14 14 14 10 10 18 10 12 12 12 13 15 13 13 14 19 11 12 13 14 16 17 19 20
10 10 18 10 12 12 12 13 15 13 13 14 19 11 12 13 14 16 17 19 20 0 1 1 2 3 4 5 6 6 7 8 9 9 10 11 11 11 14 14 14 14
-78.97017526000002
rh-4aS5-a
H H H H H H H H H H C C C C S Rh Rh Rh Rh Rh Rh Rh
0 1 2 2 3 4 4 5 6 6 7 8 9 9 10 11 12 12 14 14 14 10 10 10 15 11 11 18 12 12 19 13 13 13 21 11 14 13 14 16 17 20
10 10 10 15 11 11 18 12 12 19 13 13 13 21 11 14 13 14 16 17 20 0 1 2 2 3 4 4 5 6 6 7 8 9 9 10 11 12 12 14 14 14
-78.95184501
rh-4aS6-a
H H H H H H H H H H C C C C S Rh Rh Rh Rh Rh Rh Rh
0 1 2 3 3 4 5 6 6 7 7 8 9 9 10 11 12 13 13 14 14 14 14 10 10 10 11 15 11 12 12 18 13 21 13 13 19 11 12 14 14 20 16 17 20 21
10 10 10 11 15 11 12 12 18 13 21 13 13 19 11 12 14 14 20 16 17 20 21 0 1 2 3 3 4 5 6 6 7 7 8 9 9 10 11 12 13 13 14 14 14 14
-79.02047713000002
ru-12S1-a
H H C S Ru Ru Ru Ru
0 0 1 1 2 2 2 2 3 3 3 3 2 6 2 6 3 4 6 7 4 5 6 7
2 6 2 6 3 4 6 7 4 5 6 7 0 0 1 1 2 2 2 2 3 3 3 3
-22.324551190000022
ru-14S1-a
H H H H C S Ru Ru Ru Ru Ru
0 1 1 2 3 3 4 5 5 5 5 5 4 4 6 4 5 9 5 6 7 8 9 10
4 4 6 4 5 9 5 6 7 8 9 10 0 1 1 2 3 3 4 5 5 5 5 5
-28.837101200000006
ru-24S1-a
H H H H C C S Ru Ru Ru Ru Ru
0 1 1 2 3 3 4 4 5 5 5 5 6 6 6 6 4 4 8 4 5 11 5 11 6 9 10 11 7 9 10 11
4 4 8 4 5 11 5 11 6 9 10 11 7 9 10 11 0 1 1 2 3 3 4 4 5 5 5 5 6 6 6 6
-39.03804475999999
ru-26S1-a
H H H H H H C C S Ru Ru Ru Ru Ru
0 1 2 2 3 4 5 6 7 8 8 8 8 6 6 6 9 7 7 8 7 8 10 11 12 13
6 6 6 9 7 7 8 7 8 10 11 12 13 0 1 2 2 3 4 5 6 7 8 8 8 8
-45.48464326999999
ru-26S2-a
H H H H H H C C S Ru Ru Ru Ru Ru Ru
0 1 1 2 3 4 5 5 6 6 7 7 8 8 8 8 6 6 9 6 7 7 7 11 8 9 8 11 10 12 13 14
6 6 9 6 7 7 7 11 8 9 8 11 10 12 13 14 0 1 1 2 3 4 5 5 6 6 7 7 8 8 8 8
-45.60892236000001
ru-36S1-a
H H H H H H C C C S Ru Ru Ru Ru Ru Ru
0 1 1 2 2 3 4 5 5 5 6 7 8 8 8 8 9 9 9 9 6 6 12 6 12 7 7 8 11 14 7 8 9 13 14 15 10 13 14 15
6 6 12 6 12 7 7 8 11 14 7 8 9 13 14 15 10 13 14 15 0 1 1 2 2 3 4 5 5 5 6 7 8 8 8 8 9 9 9 9
-55.665393559999984
ru-36S2-a
H H H H H H C C C S Ru Ru Ru Ru Ru Ru
0 0 1 2 3 4 4 5 6 6 7 7 7 7 7 8 9 9 9 9 6 13 6 6 8 8 10 8 7 14 8 9 11 14 15 14 11 12 14 15
6 13 6 6 8 8 10 8 7 14 8 9 11 14 15 14 11 12 14 15 0 0 1 2 3 4 4 5 6 6 7 7 7 7 7 8 9 9 9 9
-55.75159077000001
ru-38S1-a
H H H H H H H H C C C S Ru Ru Ru Ru Ru Ru
0 1 2 3 3 4 5 6 6 7 8 9 10 11 11 11 11 11 8 8 8 9 12 9 10 10 14 11 9 10 11 13 14 15 16 17
8 8 8 9 12 9 10 10 14 11 9 10 11 13 14 15 16 17 0 1 2 3 3 4 5 6 6 7 8 9 10 11 11 11 11 11
-62.17117840000003
ru-38S2-a
H H H H H H H H C C C S Ru Ru Ru Ru
0 1 2 3 4 5 6 6 7 8 9 9 11 11 11 11 8 8 8 10 10 10 9 15 11 9 10 11 12 13 14 15
8 8 8 10 10 10 9 15 11 9 10 11 12 13 14 15 0 1 2 3 4 5 6 6 7 8 9 9 11 11 11 11
-62.48177376000001
ru-38S3-a
H H H H H H H H C C C S Ru Ru Ru Ru Ru Ru
0 1 1 1 2 3 4 5 5 6 7 7 8 9 10 10 10 11 11 11 11 8 8 12 15 8 9 9 10 14 10 10 17 9 11 11 16 17 12 13 14 16
8 8 12 15 8 9 9 10 14 10 10 17 9 11 11 16 17 12 13 14 16 0 1 1 1 2 3 4 5 5 6 7 7 8 9 10 10 10 11 11 11 11
-62.22004224
ru-48S1-a
H H H H H H H H C C C C S Ru Ru Ru Ru Ru Ru Ru
0 1 2 3 3 4 4 4 4 5 6 7 7 8 9 10 11 11 12 12 12 12 8 8 8 9 16 9 13 15 16 10 10 11 18 9 10 11 12 18 14 17 18 19
8 8 8 9 16 9 13 15 16 10 10 11 18 9 10 11 12 18 14 17 18 19 0 1 2 3 3 4 4 4 4 5 6 7 7 8 9 10 11 11 12 12 12 12
-72.36295795000001
ru-48S2-a
H H H H H H H H C C C C S Ru Ru Ru Ru Ru Ru Ru
0 0 1 2 2 2 2 3 4 5 6 7 7 8 9 9 11 11 12 12 12 12 8 14 8 8 13 14 15 10 10 10 9 11 16 9 10 11 12 16 16 17 18 19
8 14 8 8 13 14 15 10 10 10 9 11 16 9 10 11 12 16 16 17 18 19 0 0 1 2 2 2 2 3 4 5 6 7 7 8 9 9 11 11 12 12 12 12
-72.34677439000001
ru-48S3-a
H H H H H H H H C C C C S Ru Ru Ru Ru Ru Ru
0 1 2 3 3 4 5 6 6 7 8 9 10 10 10 11 12 12 12 12 8 8 8 9 14 9 11 11 13 11 9 10 11 12 15 15 15 16 17 18
8 8 8 9 14 9 11 11 13 11 9 10 11 12 15 15 15 16 17 18 0 1 2 3 3 4 5 6 6 7 8 9 10 10 10 11 12 12 12 12
-72.45544237000001
ru-4aS1-a
H H H H H H H H H H C C C C S Ru Ru Ru Ru Ru Ru Ru
0 1 1 2 3 4 5 5 6 7 8 8 9 10 11 12 13 14 14 14 14 14 10 10 15 10 11 11 12 16 12 13 13 18 14 11 12 13 14 17 18 19 20 21
10 10 15 10 11 11 12 16 12 13 13 18 14 11 12 13 14 17 18 19 20 21 0 1 1 2 3 4 5 5 6 7 8 8 9 10 11 12 13 14 14 14 14 14
-78.84551435000003
ru-4aS2-a
H H H H H H H H H H C C C C S Ru Ru Ru Ru Ru Ru
0 1 2 3 3 3 4 5 6 7 8 9 9 9 10 11 11 12 14 14 14 14 10 10 10 11 15 18 12 12 13 13 13 14 16 19 11 12 14 13 15 17 19 20
10 10 10 11 15 18 12 12 13 13 13 14 16 19 11 12 14 13 15 17 19 20 0 1 2 3 3 3 4 5 6 7 8 9 9 9 10 11 11 12 14 14 14 14
-78.83542469000002
ru-4aS3-a
H H H H H H H H H H C C C C S Ru Ru Ru Ru Ru Ru
0 1 2 2 3 3 4 5 6 7 8 9 9 10 11 11 12 14 14 14 14 14 10 10 10 16 11 15 12 12 13 13 13 14 19 11 12 14 13 16 17 18 19 20
10 10 10 16 11 15 12 12 13 13 13 14 19 11 12 14 13 16 17 18 19 20 0 1 2 2 3 3 4 5 6 7 8 9 9 10 11 11 12 14 14 14 14 14
-78.83300122000003
ru-4aS4-a
H H H H H H H H H H C C C C S Ru Ru Ru Ru Ru Ru
0 1 1 2 3 4 5 6 6 7 8 9 10 11 11 11 14 14 14 14 10 10 18 10 12 12 12 13 15 13 13 14 11 12 13 14 16 17 19 20
10 10 18 10 12 12 12 13 15 13 13 14 11 12 13 14 16 17 19 20 0 1 1 2 3 4 5 6 6 7 8 9 10 11 11 11 14 14 14 14
-78.86937429
ru-4aS5-a
H H H H H H H H H H C C C C S Ru Ru Ru Ru Ru Ru Ru
0 1 2 2 3 4 4 5 6 6 7 8 9 9 10 11 12 12 14 14 14 14 14 10 10 10 15 11 11 18 12 12 19 13 13 13 21 11 14 13 14 15 16 17 20 21
10 10 10 15 11 11 18 12 12 19 13 13 13 21 11 14 13 14 15 16 17 20 21 0 1 2 2 3 4 4 5 6 6 7 8 9 9 10 11 12 12 14 14 14 14 14
-78.83461016000001
ru-4aS6-a
H H H H H H H H H H C C C C S Ru Ru Ru Ru Ru Ru Ru
0 1 2 3 3 4 5 6 6 7 7 8 9 9 10 11 12 13 14 14 14 14 10 10 10 11 15 11 12 12 18 13 21 13 13 19 11 12 14 14 16 17 20 21
10 10 10 11 15 11 12 12 18 13 21 13 13 19 11 12 14 14 16 17 20 21 0 1 2 3 3 4 5 6 6 7 7 8 9 9 10 11 12 13 14 14 14 14
-78.92247120000002
zn-12S1-a
H H C S Zn Zn Zn
0 0 1 2 2 3 3 3 2 5 2 3 5 4 5 6
2 5 2 3 5 4 5 6 0 0 1 2 2 3 3 3
-20.48793386
zn-14S1-a
H H H H C S Zn
0 1 2 3 4 5 4 4 4 5 5 6
4 4 4 5 5 6 0 1 2 3 4 5
-27.998256760000004
zn-24S1-a
H H H H C C S Zn Zn Zn
0 1 2 3 3 4 4 5 5 6 6 6 4 4 4 5 9 5 9 6 9 7 8 9
4 4 4 5 9 5 9 6 9 7 8 9 0 1 2 3 3 4 4 5 5 6 6 6
-37.134940979999996
zn-26S1-a
H H H H H H C C S Zn
0 1 2 3 4 5 6 7 8 6 6 6 7 7 8 7 8 9
6 6 6 7 7 8 7 8 9 0 1 2 3 4 5 6 7 8
-44.63636251
zn-26S2-a
H H H H H H C C S Zn
0 1 2 3 4 5 6 7 8 6 6 6 7 7 7 8 8 9
6 6 6 7 7 7 8 8 9 0 1 2 3 4 5 6 7 8
-44.73245222
zn-36S1-a
H H H H H H C C C S Zn Zn Zn
0 1 2 3 4 5 5 6 7 7 8 8 9 9 9 6 6 6 7 7 8 11 7 8 11 9 11 10 11 12
6 6 6 7 7 8 11 7 8 11 9 11 10 11 12 0 1 2 3 4 5 5 6 7 7 8 8 9 9 9
-53.66798942999999
zn-36S2-a
H H H H H H C C C S Zn Zn Zn
0 1 2 3 4 5 6 6 7 7 7 8 9 9 9 6 6 6 8 8 8 7 11 8 9 11 11 10 11 12
6 6 6 8 8 8 7 11 8 9 11 11 10 11 12 0 1 2 3 4 5 6 6 7 7 7 8 9 9 9
-53.82050414999999
zn-38S1-a
H H H H H H H H C C C S Zn
0 1 2 3 4 5 6 7 8 9 10 11 8 8 8 9 9 10 10 11 9 10 11 12
8 8 8 9 9 10 10 11 9 10 11 12 0 1 2 3 4 5 6 7 8 9 10 11
-61.30847136999999
zn-38S2-a
H H H H H H H H C C C S Zn
0 1 2 3 4 5 6 7 8 9 9 11 8 8 8 10 10 10 9 11 9 10 11 12
8 8 8 10 10 10 9 11 9 10 11 12 0 1 2 3 4 5 6 7 8 9 9 11
-61.32676565
zn-38S3-a
H H H H H H H H C C C S Zn
0 1 2 3 4 5 6 7 8 9 10 11 8 8 8 9 9 10 10 10 9 11 11 12
8 8 8 9 9 10 10 10 9 11 11 12 0 1 2 3 4 5 6 7 8 9 10 11
-61.37803835
zn-48S1-a
H H H H H H H H C C C C S Zn Zn Zn Zn
0 1 2 3 4 4 5 6 7 7 8 9 10 10 11 11 12 12 12 8 8 8 9 9 13 10 10 11 15 9 10 11 15 12 15 14 15 16
8 8 8 9 9 13 10 10 11 15 9 10 11 15 12 15 14 15 16 0 1 2 3 4 4 5 6 7 7 8 9 10 10 11 11 12 12 12
-70.30346386
zn-48S2-a
H H H H H H H H C C C C S Zn Zn Zn Zn
0 1 2 2 3 4 5 6 7 7 8 9 9 11 11 12 12 12 8 8 8 16 10 10 10 9 11 13 9 10 11 12 13 13 14 15
8 8 8 16 10 10 10 9 11 13 9 10 11 12 13 13 14 15 0 1 2 2 3 4 5 6 7 7 8 9 9 11 11 12 12 12
-70.33598413
zn-48S3-a
H H H H H H H H C C C C S Zn Zn Zn
0 1 2 3 4 5 6 7 8 9 9 10 10 10 11 12 12 12 8 8 8 9 9 11 11 11 9 10 13 11 12 13 13 13 14 15
8 8 8 9 9 11 11 11 9 10 13 11 12 13 13 13 14 15 0 1 2 3 4 5 6 7 8 9 9 10 10 10 11 12 12 12
-70.37641666
zn-4aS1-a
H H H H H H H H H H C C C C S Zn
0 1 2 3 4 5 6 7 8 9 10 11 12 13 14 10 10 10 11 11 12 12 13 13 14 11 12 13 14 15
10 10 10 11 11 12 12 13 13 14 11 12 13 14 15 0 1 2 3 4 5 6 7 8 9 10 11 12 13 14
-77.97172907000001
zn-4aS2-a
H H H H H H H H H H C C C C S Zn
0 1 2 3 4 5 6 7 8 9 10 11 11 12 14 10 10 10 11 12 12 13 13 13 14 11 12 14 13 15
10 10 10 11 12 12 13 13 13 14 11 12 14 13 15 0 1 2 3 4 5 6 7 8 9 10 11 11 12 14
-78.02890681
zn-4aS3-a
H H H H H H H H H H C C C C S Zn
0 1 2 3 4 5 6 7 8 9 10 11 11 12 14 10 10 10 11 12 12 13 13 13 14 11 12 14 13 15
10 10 10 11 12 12 13 13 13 14 11 12 14 13 15 0 1 2 3 4 5 6 7 8 9 10 11 11 12 14
-78.00098933000001
zn-4aS4-a
H H H H H H H H H H C C C C S Zn
0 1 2 3 4 5 6 7 8 9 10 11 11 11 14 10 10 10 12 12 12 13 13 13 14 11 12 13 14 15
10 10 10 12 12 12 13 13 13 14 11 12 13 14 15 0 1 2 3 4 5 6 7 8 9 10 11 11 11 14
-78.01173929999999
zn-4aS5-a
H H H H H H H H H H C C C C S Zn
0 1 2 3 4 5 6 7 8 9 10 11 12 12 14 10 10 10 11 11 12 12 13 13 13 11 14 13 14 15
10 10 10 11 11 12 12 13 13 13 11 14 13 14 15 0 1 2 3 4 5 6 7 8 9 10 11 12 12 14
-78.03832101999998
zn-4aS6-a
H H H H H H H H H H C C C C S Zn
0 1 2 3 4 5 6 7 8 9 10 11 12 13 14 10 10 10 11 11 12 12 13 13 13 11 12 14 14 15
10 10 10 11 11 12 12 13 13 13 11 12 14 14 15 0 1 2 3 4 5 6 7 8 9 10 11 12 13 14
-78.04994106000001
