13X1
H H H C N O
0 1 2 3 3 3 4 4 4 5
3 4 4 4 5 0 1 2 3 3
-35.32056159
25X1
H H H H H C C N O
0 1 2 3 4 5 5 6 5 7 6 6 6 7 8 7
5 7 6 6 6 7 8 7 0 1 2 3 4 5 5 6
-51.71780145
25X2
H H H H H C C N O
0 1 2 3 4 5 5 5 7 7 6 6 6 6 7 8
7 7 6 6 6 6 7 8 0 1 2 3 4 5 5 5
-52.15327434
37X1
H H H H H H H C C C N O
0 1 2 3 4 5 6 7 7 8 8 7 10 8 8 9 9 9 10 11 9 10
7 10 8 8 9 9 9 10 11 9 10 0 1 2 3 4 5 6 7 7 8 8
-68.36988191
37X2
H H H H H H H C C C N O
0 1 2 3 4 5 6 7 7 7 8 10 10 8 8 9 9 9 8 10 11 9
10 10 8 8 9 9 9 8 10 11 9 0 1 2 3 4 5 6 7 7 7 8
-68.74951717
37X3
H H H H H H H C C C N O
0 1 2 3 4 5 6 7 7 8 9 7 8 8 8 9 9 9 10 11 10 10
7 8 8 8 9 9 9 10 11 10 10 0 1 2 3 4 5 6 7 7 8 9
-68.15812067
37X4
H H H H H H H C C C N O
0 1 2 3 4 5 6 7 7 7 8 9 9 9 8 8 8 10 9 10 11 10
9 9 9 8 8 8 10 9 10 11 10 0 1 2 3 4 5 6 7 7 7 8
-68.52948564
49X1
H H H H H H H H H C C C C N O
0 1 2 3 4 5 6 7 8 9 9 10 10 10 9 13 11 11 11 10 12 12 12 13 14 11 12 13
9 13 11 11 11 10 12 12 12 13 14 11 12 13 0 1 2 3 4 5 6 7 8 9 9 10 10 10
-85.09142633
49X2
H H H H H H H H H C C C C N O
0 1 2 3 4 5 6 7 8 9 9 10 10 11 9 13 10 10 11 11 12 12 12 13 14 11 13 12
9 13 10 10 11 11 12 12 12 13 14 11 13 12 0 1 2 3 4 5 6 7 8 9 9 10 10 11
-84.97580513
49X3
H H H H H H H H H C C C C N O
0 1 2 3 4 5 6 7 8 9 9 9 10 10 13 13 11 11 11 10 12 12 12 10 13 14 11 12
13 13 11 11 11 10 12 12 12 10 13 14 11 12 0 1 2 3 4 5 6 7 8 9 9 9 10 10
-85.39278571
49X4
H H H H H H H H H C C C C N O
0 1 2 3 4 5 6 7 8 9 9 9 10 11 13 13 10 10 11 11 12 12 12 10 13 14 11 12
13 13 10 10 11 11 12 12 12 10 13 14 11 12 0 1 2 3 4 5 6 7 8 9 9 9 10 11
-85.34712626
49X5
H H H H H H H H H C C C C N O
0 1 2 3 4 5 6 7 8 9 9 10 11 11 9 10 10 10 11 11 12 12 12 13 14 13 12 13
9 10 10 10 11 11 12 12 12 13 14 13 12 13 0 1 2 3 4 5 6 7 8 9 9 10 11 11
-84.81148127
49X6
H H H H H H H H H C C C C N O
0 1 2 3 4 5 6 7 8 9 9 9 10 10 11 11 11 13 10 10 12 12 12 11 13 14 12 13
11 11 11 13 10 10 12 12 12 11 13 14 12 13 0 1 2 3 4 5 6 7 8 9 9 9 10 10
-85.18458992
49X7
H H H H H H H H H C C C C N O
0 1 2 3 4 5 6 7 8 9 9 9 10 11 13 10 10 10 11 11 12 12 12 11 13 14 13 12
13 10 10 10 11 11 12 12 12 11 13 14 13 12 0 1 2 3 4 5 6 7 8 9 9 9 10 11
-85.12457339
49X8
H H H H H H H H H C C C C N O
0 1 2 3 4 5 6 7 8 9 9 9 10 11 10 10 10 11 11 11 12 12 12 12 13 14 13 13
10 10 10 11 11 11 12 12 12 12 13 14 13 13 0 1 2 3 4 5 6 7 8 9 9 9 10 11
-84.60803269
