1211
H H C O
0 1 2 2 2 3
2 2 3 0 1 2
-22.14198155
2201
H H C C
0 1 2 2 3 3
2 3 3 0 1 2
-22.95894282
2401
H H H H C C
0 1 2 3 4 4 4 5 5 5
4 4 5 5 5 0 1 2 3 4
-32.00433821
2411
H H H H C C O
0 1 2 3 4 5 4 4 4 5 5 6
4 4 4 5 5 6 0 1 2 3 4 5
-39.16156149
2601
H H H H H H C C
0 1 2 3 4 5 6 6 6 6 7 7 7 7
6 6 6 7 7 7 7 0 1 2 3 4 5 6
-40.56967816
2611
H H H H H H C C O
0 1 2 3 4 5 6 7 6 6 6 7 7 7 8 8
6 6 6 7 7 7 8 8 0 1 2 3 4 5 6 7
-46.47943398
2612
H H H H H H C C O
0 1 2 3 4 5 6 7 6 6 6 7 7 8 7 8
6 6 6 7 7 8 7 8 0 1 2 3 4 5 6 7
-46.97414908
3401
H H H H C C C
0 1 2 3 4 5 6 6 6 4 5 6
6 6 6 4 5 6 0 1 2 3 4 5
-39.86035688
3601
H H H H H H C C C
0 1 2 3 4 5 6 7 8 8 8 6 6 7 7 8
8 8 8 6 6 7 7 8 0 1 2 3 4 5 6 7
-48.75667372
3611
H H H H H H C C C O
0 1 2 3 4 5 6 7 7 6 6 6 8 8 8 7 8 9
6 6 6 8 8 8 7 8 9 0 1 2 3 4 5 6 7 7
-56.07266689
3801
H H H H H H H H C C C
0 1 2 3 4 5 6 7 8 9 8 8 8 9 9 10 10 10 9 10
8 8 8 9 9 10 10 10 9 10 0 1 2 3 4 5 6 7 8 9
-57.17467534
3811
H H H H H H H H C C C O
0 1 2 3 4 5 6 7 8 9 10 8 8 8 9 9 10 10 10 9 11 11
8 8 8 9 9 10 10 10 9 11 11 0 1 2 3 4 5 6 7 8 9 10
-63.20502973
3812
H H H H H H H H C C C O
0 1 2 3 4 5 6 7 8 9 10 8 8 8 9 9 10 10 11 9 10 11
8 8 8 9 9 10 10 11 9 10 11 0 1 2 3 4 5 6 7 8 9 10
-63.57071894
3813
H H H H H H H H C C C O
0 1 2 3 4 5 6 7 8 9 9 8 8 8 10 10 10 9 11 9 10 11
8 8 8 10 10 10 9 11 9 10 11 0 1 2 3 4 5 6 7 8 9 9
-63.72815861
4601
H H H H H H C C C C
0 1 2 3 4 5 6 7 8 6 6 6 9 9 9 7 8 9
6 6 6 9 9 9 7 8 9 0 1 2 3 4 5 6 7 8
-56.70514354
4602
H H H H H H C C C C
0 1 2 3 4 5 6 7 8 8 8 9 9 9 6 7 8 9
8 8 9 9 9 6 7 8 9 0 1 2 3 4 5 6 7 8
-56.43502736
4801
H H H H H H H H C C C C
0 1 2 3 4 5 6 7 8 9 10 10 10 11 11 11 8 8 9 9 10 11
10 10 11 11 11 8 8 9 9 10 11 0 1 2 3 4 5 6 7 8 9 10
-65.34196715
4802
H H H H H H H H C C C C
0 1 2 3 4 5 6 7 8 9 10 8 8 8 9 10 11 11 11 9 10 11
8 8 8 9 10 11 11 11 9 10 11 0 1 2 3 4 5 6 7 8 9 10
-65.4493179
4803
H H H H H H H H C C C C
0 1 2 3 4 5 6 7 8 9 10 8 8 8 9 10 11 11 11 9 10 11
8 8 8 9 10 11 11 11 9 10 11 0 1 2 3 4 5 6 7 8 9 10
-65.4830872
4804
H H H H H H H H C C C C
0 1 2 3 4 5 6 7 8 9 9 8 8 8 10 10 10 11 11 9 10 11
8 8 8 10 10 10 11 11 9 10 11 0 1 2 3 4 5 6 7 8 9 9
-65.52587845
4811
H H H H H H H H C C C C O
0 1 2 3 4 5 6 7 8 9 10 10 8 8 8 9 9 11 11 11 9 10 11 12
8 8 8 9 9 11 11 11 9 10 11 12 0 1 2 3 4 5 6 7 8 9 10 10
-72.68432545
4a01
H H H H H H H H H H C C C C
0 1 2 3 4 5 6 7 8 9 10 11 12 10 10 10 11 11 12 12 13 13 13 11 12 13
10 10 10 11 11 12 12 13 13 13 11 12 13 0 1 2 3 4 5 6 7 8 9 10 11 12
-73.77971421
4a02
H H H H H H H H H H C C C C
0 1 2 3 4 5 6 7 8 9 10 11 11 10 10 10 12 12 12 11 13 13 13 11 12 13
10 10 10 12 12 12 11 13 13 13 11 12 13 0 1 2 3 4 5 6 7 8 9 10 11 11
-73.84250815
4a11
H H H H H H H H H H C C C C O
0 1 2 3 4 5 6 7 8 9 10 11 12 13 10 10 10 11 11 12 12 13 13 14 11 12 13 14
10 10 10 11 11 12 12 13 13 14 11 12 13 14 0 1 2 3 4 5 6 7 8 9 10 11 12 13
-80.16943306
4a12
H H H H H H H H H H C C C C O
0 1 2 3 4 5 6 7 8 9 10 11 11 12 10 10 10 12 12 14 11 13 13 13 11 12 14 13
10 10 10 12 12 14 11 13 13 13 11 12 14 13 0 1 2 3 4 5 6 7 8 9 10 11 11 12
-80.34122111
4a13
H H H H H H H H H H C C C C O
0 1 2 3 4 5 6 7 8 9 10 11 11 12 10 10 10 12 12 13 13 13 11 14 11 12 14 13
10 10 10 12 12 13 13 13 11 14 11 12 14 13 0 1 2 3 4 5 6 7 8 9 10 11 11 12
-80.32768712
4a14
H H H H H H H H H H C C C C O
0 1 2 3 4 5 6 7 8 9 10 11 11 11 10 10 10 12 12 12 13 13 13 14 11 12 13 14
10 10 10 12 12 12 13 13 13 14 11 12 13 14 0 1 2 3 4 5 6 7 8 9 10 11 11 11
-80.47262518
