12S1
H H C S
0 1 2 2 2 3
2 2 3 0 1 2
-19.12496053
14S1
H H H H C S
0 1 2 3 4 4 4 4 5 5
4 4 4 5 5 0 1 2 3 4
-27.67320668
24S1
H H H H C C S
0 1 2 3 4 5 4 4 4 5 5 6
4 4 4 5 5 6 0 1 2 3 4 5
-36.04580392
26S1
H H H H H H C C S
0 1 2 3 4 5 6 7 6 6 6 7 7 8 7 8
6 6 6 7 7 8 7 8 0 1 2 3 4 5 6 7
-44.31230711
26S2
H H H H H H C C S
0 1 2 3 4 5 6 7 6 6 6 7 7 7 8 8
6 6 6 7 7 7 8 8 0 1 2 3 4 5 6 7
-44.25900363
36S1
H H H H H H C C C S
0 1 2 3 4 5 6 7 8 6 6 6 7 7 8 7 8 9
6 6 6 7 7 8 7 8 9 0 1 2 3 4 5 6 7 8
-52.66295032
36S2
H H H H H H C C C S
0 1 2 3 4 5 6 7 7 6 6 6 8 8 8 7 8 9
6 6 6 8 8 8 7 8 9 0 1 2 3 4 5 6 7 7
-52.8899066
38S1
H H H H H H H H C C C S
0 1 2 3 4 5 6 7 8 9 10 8 8 8 9 9 10 10 11 9 10 11
8 8 8 9 9 10 10 11 9 10 11 0 1 2 3 4 5 6 7 8 9 10
-60.92238156
38S2
H H H H H H H H C C C S
0 1 2 3 4 5 6 7 8 9 9 8 8 8 10 10 10 9 11 9 10 11
8 8 8 10 10 10 9 11 9 10 11 0 1 2 3 4 5 6 7 8 9 9
-60.9787702
38S3
H H H H H H H H C C C S
0 1 2 3 4 5 6 7 8 9 10 8 8 8 9 9 10 10 10 9 11 11
8 8 8 9 9 10 10 10 9 11 11 0 1 2 3 4 5 6 7 8 9 10
-60.8666092
48S1
H H H H H H H H C C C C S
0 1 2 3 4 5 6 7 8 9 10 11 8 8 8 9 9 10 10 11 9 10 11 12
8 8 8 9 9 10 10 11 9 10 11 12 0 1 2 3 4 5 6 7 8 9 10 11
-69.25889361
48S2
H H H H H H H H C C C C S
0 1 2 3 4 5 6 7 8 9 9 11 8 8 8 10 10 10 9 11 9 10 11 12
8 8 8 10 10 10 9 11 9 10 11 12 0 1 2 3 4 5 6 7 8 9 9 11
-69.29758067
48S3
H H H H H H H H C C C C S
0 1 2 3 4 5 6 7 8 9 10 10 8 8 8 9 9 11 11 11 9 10 11 12
8 8 8 9 9 11 11 11 9 10 11 12 0 1 2 3 4 5 6 7 8 9 10 10
-69.49892096
4aS1
H H H H H H H H H H C C C C S
0 1 2 3 4 5 6 7 8 9 10 11 12 13 10 10 10 11 11 12 12 13 13 14 11 12 13 14
10 10 10 11 11 12 12 13 13 14 11 12 13 14 0 1 2 3 4 5 6 7 8 9 10 11 12 13
-77.52515631
4aS2
H H H H H H H H H H C C C C S
0 1 2 3 4 5 6 7 8 9 10 11 11 12 10 10 10 11 12 12 13 13 13 14 11 12 14 13
10 10 10 11 12 12 13 13 13 14 11 12 14 13 0 1 2 3 4 5 6 7 8 9 10 11 11 12
-77.5875646
4aS3
H H H H H H H H H H C C C C S
0 1 2 3 4 5 6 7 8 9 10 11 11 12 10 10 10 11 12 12 13 13 13 14 11 12 14 13
10 10 10 11 12 12 13 13 13 14 11 12 14 13 0 1 2 3 4 5 6 7 8 9 10 11 11 12
-77.58598133
4aS4
H H H H H H H H H H C C C C S
0 1 2 3 4 5 6 7 8 9 10 11 11 11 10 10 10 12 12 12 13 13 13 14 11 12 13 14
10 10 10 12 12 12 13 13 13 14 11 12 13 14 0 1 2 3 4 5 6 7 8 9 10 11 11 11
-77.6584738
4aS5
H H H H H H H H H H C C C C S
0 1 2 3 4 5 6 7 8 9 10 11 12 12 10 10 10 11 11 12 12 13 13 13 11 14 13 14
10 10 10 11 11 12 12 13 13 13 11 14 13 14 0 1 2 3 4 5 6 7 8 9 10 11 12 12
-77.4709852
4aS6
H H H H H H H H H H C C C C S
0 1 2 3 4 5 6 7 8 9 10 11 12 13 10 10 10 11 11 12 12 13 13 13 11 12 14 14
10 10 10 11 11 12 12 13 13 13 11 12 14 14 0 1 2 3 4 5 6 7 8 9 10 11 12 13
-77.46949802
