8611
H H H H H H C C C C C C C C O
0 1 2 3 4 5 6 6 7 8 9 9 10 10 12 13 12 13 8 11 6 7 7 11 8 9 10 12 11 14 13 14
12 13 8 11 6 7 7 11 8 9 10 12 11 14 13 14 0 1 2 3 4 5 6 6 7 8 9 9 10 10 12 13
-100.47243565
8612
H H H H H H C C C C C C C C O
0 1 2 3 4 5 6 6 7 8 9 9 10 10 12 13 12 13 7 8 6 11 7 11 8 9 10 12 11 13 14 14
12 13 7 8 6 11 7 11 8 9 10 12 11 13 14 14 0 1 2 3 4 5 6 6 7 8 9 9 10 10 12 13
-99.91687006
86S1
H H H H H H C C C C C C C C S
0 1 2 3 4 5 6 6 7 8 9 9 10 10 12 13 12 13 8 11 6 7 7 11 8 9 10 12 11 14 13 14
12 13 8 11 6 7 7 11 8 9 10 12 11 14 13 14 0 1 2 3 4 5 6 6 7 8 9 9 10 10 12 13
-98.16846724
86S2
H H H H H H C C C C C C C C S
0 1 2 3 4 5 6 6 7 8 9 9 10 10 12 13 13 12 6 11 7 8 7 11 8 9 10 13 11 12 14 14
13 12 6 11 7 8 7 11 8 9 10 13 11 12 14 14 0 1 2 3 4 5 6 6 7 8 9 9 10 10 12 13
-97.8046295
87N1
H H H H H H H C C C C C C C C N
0 1 2 3 4 5 6 7 7 8 9 10 10 11 11 13 14 15 13 14 9 7 8 12 8 12 9 10 11 13 12 15 14 15
15 13 14 9 7 8 12 8 12 9 10 11 13 12 15 14 15 0 1 2 3 4 5 6 7 7 8 9 10 10 11 11 13 14
-106.28688003
87N2
H H H H H H H C C C C C C C C N
0 1 2 3 4 5 6 7 7 8 9 10 11 11 12 13 14 15 14 13 7 10 8 9 8 10 9 12 11 12 13 14 15 15
15 14 13 7 10 8 9 8 10 9 12 11 12 13 14 15 15 0 1 2 3 4 5 6 7 7 8 9 10 11 11 12 13 14
-105.94253455
97N1
H H H H H H H C C C C C C C C C N
0 1 2 3 4 5 6 7 7 8 9 10 10 11 12 13 14 15 7 8 11 9 15 13 14 8 11 9 10 12 16 12 13 14 15 16
7 8 11 9 15 13 14 8 11 9 10 12 16 12 13 14 15 16 0 1 2 3 4 5 6 7 7 8 9 10 10 11 12 13 14 15
-115.13493741
97N2
H H H H H H H C C C C C C C C C N
0 1 2 3 4 5 6 7 7 8 9 10 10 11 11 13 14 15 13 14 15 9 12 7 8 8 12 9 10 11 13 12 14 16 15 16
13 14 15 9 12 7 8 8 12 9 10 11 13 12 14 16 15 16 0 1 2 3 4 5 6 7 7 8 9 10 10 11 11 13 14 15
-115.09324116
9801
H H H H H H H H C C C C C C C C C
0 1 2 3 4 5 6 7 8 8 9 10 11 11 12 12 14 15 14 14 15 16 9 10 8 13 9 13 10 11 12 15 13 14 16 16
14 14 15 16 9 10 8 13 9 13 10 11 12 15 13 14 16 16 0 1 2 3 4 5 6 7 8 8 9 10 11 11 12 12 14 15
-110.38328305
9802
H H H H H H H H C C C C C C C C C
0 1 2 3 4 5 6 7 8 8 9 10 11 11 12 12 14 15 16 16 9 10 8 13 14 15 9 13 10 11 12 15 13 14 16 16
16 16 9 10 8 13 14 15 9 13 10 11 12 15 13 14 16 16 0 1 2 3 4 5 6 7 8 8 9 10 11 11 12 12 14 15
-109.49818197
a801
H H H H H H H H C C C C C C C C C C
0 1 2 3 4 5 6 7 8 8 9 10 11 11 12 12 14 15 16 8 9 10 13 14 15 16 17 9 13 10 11 12 17 13 14 15 16 17
8 9 10 13 14 15 16 17 9 13 10 11 12 17 13 14 15 16 17 0 1 2 3 4 5 6 7 8 8 9 10 11 11 12 12 14 15 16
-119.89759399
