3611
H H H H H H C C C O
0 1 2 3 4 5 6 7 8 6 6 6 7 7 8 7 8 9
6 6 6 7 7 8 7 8 9 0 1 2 3 4 5 6 7 8
-55.77481262
4811
H H H H H H H H C C C C O
0 1 2 3 4 5 6 7 8 9 10 11 8 8 8 9 9 10 10 11 9 10 11 12
8 8 8 9 9 10 10 11 9 10 11 12 0 1 2 3 4 5 6 7 8 9 10 11
-72.36997203
4812
H H H H H H H H C C C C O
0 1 2 3 4 5 6 7 8 9 9 10 8 8 8 10 9 11 11 11 9 10 11 12
8 8 8 10 9 11 11 11 9 10 11 12 0 1 2 3 4 5 6 7 8 9 9 10
-72.40609647
4a11
H H H H H H H H H H C C C C O
0 1 2 3 4 5 6 7 8 9 10 11 12 12 10 10 10 11 11 12 12 13 13 13 11 14 13 14
10 10 10 11 11 12 12 13 13 13 11 14 13 14 0 1 2 3 4 5 6 7 8 9 10 11 12 12
-79.92998749
4a12
H H H H H H H H H H C C C C O
0 1 2 3 4 5 6 7 8 9 10 11 12 13 10 10 10 11 11 12 12 13 13 13 11 12 14 14
10 10 10 11 11 12 12 13 13 13 11 12 14 14 0 1 2 3 4 5 6 7 8 9 10 11 12 13
-79.79709896
