14Z1
H H H H C N N
0 1 2 3 4 4 6 6 5 4 5 6
6 6 5 4 5 6 0 1 2 3 4 4
-40.17277264
26Z1
H H H H H H C C N N
0 1 2 3 4 5 6 6 7 8 6 9 7 7 7 8 9 9
8 6 9 7 7 7 8 9 9 0 1 2 3 4 5 6 6 7
-56.49648025
26Z2
H H H H H H C C N N
0 1 2 3 4 5 6 6 6 8 9 9 7 7 7 7 8 9
8 9 9 7 7 7 7 8 9 0 1 2 3 4 5 6 6 6
-56.9633665
26Z3
H H H H H H C C N N
0 1 2 3 4 5 6 6 7 9 9 6 7 7 7 8 9 8
9 9 6 7 7 7 8 9 8 0 1 2 3 4 5 6 6 7
-56.47362309
26Z4
H H H H H H C C N N
0 1 2 3 4 5 6 6 7 9 9 6 7 7 7 8 9 8
9 9 6 7 7 7 8 9 8 0 1 2 3 4 5 6 6 7
-56.48695894
38Z1
H H H H H H H H C C C N N
0 1 2 3 4 5 6 7 8 8 9 9 11 8 12 9 9 10 10 10 11 12 10 12
11 8 12 9 9 10 10 10 11 12 10 12 0 1 2 3 4 5 6 7 8 8 9 9
-73.16804246
38Z2
H H H H H H H H C C C N N
0 1 2 3 4 5 6 7 8 8 8 9 11 12 12 9 9 10 10 10 9 11 12 10
11 12 12 9 9 10 10 10 9 11 12 10 0 1 2 3 4 5 6 7 8 8 8 9
-73.51030823
38Z3
H H H H H H H H C C C N N
0 1 2 3 4 5 6 7 8 8 9 9 12 12 8 9 9 10 10 10 11 12 10 11
12 12 8 9 9 10 10 10 11 12 10 11 0 1 2 3 4 5 6 7 8 8 9 9
-73.14079468
38Z4
H H H H H H H H C C C N N
0 1 2 3 4 5 6 7 8 8 9 9 12 12 8 9 9 10 10 10 11 12 10 11
12 12 8 9 9 10 10 10 11 12 10 11 0 1 2 3 4 5 6 7 8 8 9 9
-73.15683345
38Z5
H H H H H H H H C C C N N
0 1 2 3 4 5 6 7 8 8 8 10 12 12 9 9 9 10 10 10 9 11 12 11
12 12 9 9 9 10 10 10 9 11 12 11 0 1 2 3 4 5 6 7 8 8 8 10
-73.26704009
38Z6
H H H H H H H H C C C N N
0 1 2 3 4 5 6 7 8 8 8 10 12 12 9 9 9 10 10 10 9 11 12 11
12 12 9 9 9 10 10 10 9 11 12 11 0 1 2 3 4 5 6 7 8 8 8 10
-73.31321823
38Z7
H H H H H H H H C C C N N
0 1 2 3 4 5 6 7 8 8 9 10 11 8 9 9 9 10 10 10 11 12 12 12
11 8 9 9 9 10 10 10 11 12 12 12 0 1 2 3 4 5 6 7 8 8 9 10
-72.8732225
38Z8
H H H H H H H H C C C N N
0 1 2 3 4 5 6 7 8 8 8 9 11 12 9 9 9 10 10 10 10 11 12 12
11 12 9 9 9 10 10 10 10 11 12 12 0 1 2 3 4 5 6 7 8 8 8 9
-73.20189653
38Z9
H H H H H H H H C C C N N
0 1 2 3 4 5 6 7 8 8 9 10 8 12 9 9 9 10 10 10 11 12 12 11
8 12 9 9 9 10 10 10 11 12 12 11 0 1 2 3 4 5 6 7 8 8 9 10
-72.78093875
38Za
H H H H H H H H C C C N N
0 1 2 3 4 5 6 7 8 8 9 10 8 12 9 9 9 10 10 10 11 12 12 11
8 12 9 9 9 10 10 10 11 12 12 11 0 1 2 3 4 5 6 7 8 8 9 10
-72.81191912
4aZ1
H H H H H H H H H H C C C C N N
0 1 2 3 4 5 6 7 8 9 10 10 11 11 11 14 10 15 12 12 12 11 13 13 13 14 15 12 13 15
14 10 15 12 12 12 11 13 13 13 14 15 12 13 15 0 1 2 3 4 5 6 7 8 9 10 10 11 11 11
-89.83666085
4aZ2
H H H H H H H H H H C C C C N N
0 1 2 3 4 5 6 7 8 9 10 10 11 11 12 14 10 15 11 11 12 12 13 13 13 14 15 12 15 13
14 10 15 11 11 12 12 13 13 13 14 15 12 15 13 0 1 2 3 4 5 6 7 8 9 10 10 11 11 12
-89.77371337
4aZ3
H H H H H H H H H H C C C C N N
0 1 2 3 4 5 6 7 8 9 10 10 10 11 11 14 15 15 12 12 12 11 13 13 13 11 14 15 12 13
14 15 15 12 12 12 11 13 13 13 11 14 15 12 13 0 1 2 3 4 5 6 7 8 9 10 10 10 11 11
-90.18966138
4aZ4
H H H H H H H H H H C C C C N N
0 1 2 3 4 5 6 7 8 9 10 10 10 11 12 14 15 15 11 11 12 12 13 13 13 11 14 15 12 13
14 15 15 11 11 12 12 13 13 13 11 14 15 12 13 0 1 2 3 4 5 6 7 8 9 10 10 10 11 12
-90.14320214
4aZ5
H H H H H H H H H H C C C C N N
0 1 2 3 4 5 6 7 8 9 10 10 11 11 11 15 15 10 12 12 12 11 13 13 13 14 15 12 13 14
15 15 10 12 12 12 11 13 13 13 14 15 12 13 14 0 1 2 3 4 5 6 7 8 9 10 10 11 11 11
-89.92729302
4aZ6
H H H H H H H H H H C C C C N N
0 1 2 3 4 5 6 7 8 9 10 10 11 11 11 15 15 10 12 12 12 11 13 13 13 14 15 12 13 14
15 15 10 12 12 12 11 13 13 13 14 15 12 13 14 0 1 2 3 4 5 6 7 8 9 10 10 11 11 11
-89.82432836
4aZ7
H H H H H H H H H H C C C C N N
0 1 2 3 4 5 6 7 8 9 10 10 11 11 12 15 15 10 11 11 12 12 13 13 13 14 15 12 14 13
15 15 10 11 11 12 12 13 13 13 14 15 12 14 13 0 1 2 3 4 5 6 7 8 9 10 10 11 11 12
-89.74371693
4aZ8
H H H H H H H H H H C C C C N N
0 1 2 3 4 5 6 7 8 9 10 10 11 11 12 15 15 10 11 11 12 12 13 13 13 14 15 12 14 13
15 15 10 11 11 12 12 13 13 13 14 15 12 14 13 0 1 2 3 4 5 6 7 8 9 10 10 11 11 12
-89.76359319
4aZ9
H H H H H H H H H H C C C C N N
0 1 2 3 4 5 6 7 8 9 10 10 10 12 12 15 15 11 11 11 12 12 13 13 13 11 14 15 13 14
15 15 11 11 11 12 12 13 13 13 11 14 15 13 14 0 1 2 3 4 5 6 7 8 9 10 10 10 12 12
-89.936183
4aZa
H H H H H H H H H H C C C C N N
0 1 2 3 4 5 6 7 8 9 10 10 10 12 12 15 15 11 11 11 12 12 13 13 13 11 14 15 13 14
15 15 11 11 11 12 12 13 13 13 11 14 15 13 14 0 1 2 3 4 5 6 7 8 9 10 10 10 12 12
-89.98237877
4aZb
H H H H H H H H H H C C C C N N
0 1 2 3 4 5 6 7 8 9 10 10 10 11 13 15 15 11 11 12 12 12 13 13 13 11 14 15 12 14
15 15 11 11 12 12 12 13 13 13 11 14 15 12 14 0 1 2 3 4 5 6 7 8 9 10 10 10 11 13
-89.83189482
4aZc
H H H H H H H H H H C C C C N N
0 1 2 3 4 5 6 7 8 9 10 10 10 11 13 15 15 11 11 12 12 12 13 13 13 11 14 15 12 14
15 15 11 11 12 12 12 13 13 13 11 14 15 12 14 0 1 2 3 4 5 6 7 8 9 10 10 10 11 13
-89.88367801
4aZd
H H H H H H H H H H C C C C N N
0 1 2 3 4 5 6 7 8 9 10 10 11 12 12 14 10 11 11 11 12 12 13 13 13 14 15 15 13 15
14 10 11 11 11 12 12 13 13 13 14 15 15 13 15 0 1 2 3 4 5 6 7 8 9 10 10 11 12 12
-89.53895482
4aZe
H H H H H H H H H H C C C C N N
0 1 2 3 4 5 6 7 8 9 10 10 10 11 12 14 15 11 11 11 12 12 13 13 13 12 14 15 15 13
14 15 11 11 11 12 12 13 13 13 12 14 15 15 13 0 1 2 3 4 5 6 7 8 9 10 10 10 11 12
-89.76368235
4aZf
H H H H H H H H H H C C C C N N
0 1 2 3 4 5 6 7 8 9 10 10 10 11 11 14 15 12 12 12 11 11 13 13 13 12 14 15 13 15
14 15 12 12 12 11 11 13 13 13 12 14 15 13 15 0 1 2 3 4 5 6 7 8 9 10 10 10 11 11
-89.86611798
4aZg
H H H H H H H H H H C C C C N N
0 1 2 3 4 5 6 7 8 9 10 10 10 11 13 14 12 12 12 11 11 11 13 13 13 12 14 15 15 15
14 12 12 12 11 11 11 13 13 13 12 14 15 15 15 0 1 2 3 4 5 6 7 8 9 10 10 10 11 13
-89.59163214
4aZh
H H H H H H H H H H C C C C N N
0 1 2 3 4 5 6 7 8 9 10 10 11 12 12 10 15 11 11 11 12 12 13 13 13 14 15 15 13 14
10 15 11 11 11 12 12 13 13 13 14 15 15 13 14 0 1 2 3 4 5 6 7 8 9 10 10 11 12 12
-89.44856733
4aZi
H H H H H H H H H H C C C C N N
0 1 2 3 4 5 6 7 8 9 10 10 11 12 12 10 15 11 11 11 12 12 13 13 13 14 15 15 13 14
10 15 11 11 11 12 12 13 13 13 14 15 15 13 14 0 1 2 3 4 5 6 7 8 9 10 10 11 12 12
-89.48306868
4aZj
H H H H H H H H H H C C C C N N
0 1 2 3 4 5 6 7 8 9 10 10 11 11 12 10 15 12 12 12 11 11 13 13 13 14 15 13 15 14
10 15 12 12 12 11 11 13 13 13 14 15 13 15 14 0 1 2 3 4 5 6 7 8 9 10 10 11 11 12
-89.53796066
4aZk
H H H H H H H H H H C C C C N N
0 1 2 3 4 5 6 7 8 9 10 10 11 11 13 10 15 11 11 12 12 12 13 13 13 14 15 12 15 14
10 15 11 11 12 12 12 13 13 13 14 15 12 15 14 0 1 2 3 4 5 6 7 8 9 10 10 11 11 13
-89.47953894
4aZl
H H H H H H H H H H C C C C N N
0 1 2 3 4 5 6 7 8 9 10 10 11 12 13 10 12 12 12 11 11 11 13 13 13 14 15 15 14 15
10 12 12 12 11 11 11 13 13 13 14 15 15 14 15 0 1 2 3 4 5 6 7 8 9 10 10 11 12 13
-89.3159104
4aZm
H H H H H H H H H H C C C C N N
0 1 2 3 4 5 6 7 8 9 10 10 11 12 13 10 11 11 11 12 12 12 13 13 13 14 15 15 15 14
10 11 11 11 12 12 12 13 13 13 14 15 15 15 14 0 1 2 3 4 5 6 7 8 9 10 10 11 12 13
-88.98917594
4aZn
H H H H H H H H H H C C C C N N
0 1 2 3 4 5 6 7 8 9 10 10 10 11 12 11 11 11 12 12 12 13 13 13 15 13 14 15 15 14
11 11 11 12 12 12 13 13 13 15 13 14 15 15 14 0 1 2 3 4 5 6 7 8 9 10 10 10 11 12
-89.52619563
4aZo
H H H H H H H H H H C C C C N N
0 1 2 3 4 5 6 7 8 9 10 10 10 11 13 11 11 11 12 12 12 15 13 13 13 12 14 15 15 14
11 11 11 12 12 12 15 13 13 13 12 14 15 15 14 0 1 2 3 4 5 6 7 8 9 10 10 10 11 13
-89.59802192
