ag-13X1-a
H H H C N O Ag Ag Ag
0 1 1 1 2 3 3 5 3 4 7 8 4 4 5 6
3 4 7 8 4 4 5 6 0 1 1 1 2 3 3 5
-35.715548729999995
ag-25X1-a
H H H H H C C N O Ag
0 1 2 3 4 5 5 5 6 8 5 7 6 6 6 7 8 9 7 9
5 7 6 6 6 7 8 9 7 9 0 1 2 3 4 5 5 5 6 8
-52.08352087
ag-25X2-a
H H H H H C C N O Ag Ag Ag
0 0 0 1 2 3 4 5 5 5 8 7 9 11 7 6 6 6 6 7 8 10
7 9 11 7 6 6 6 6 7 8 10 0 0 0 1 2 3 4 5 5 5 8
-52.60156430000001
ag-37X1-a
H H H H H H H C C C N O Ag
0 1 2 3 4 5 6 7 7 7 8 8 11 7 10 8 8 9 9 9 10 11 12 9 10 12
7 10 8 8 9 9 9 10 11 12 9 10 12 0 1 2 3 4 5 6 7 7 7 8 8 11
-68.80022886
ag-37X2-a
H H H H H H H C C C N O Ag Ag Ag
0 0 0 1 2 3 4 5 6 7 7 7 8 11 10 12 14 10 8 8 9 9 9 8 10 11 9 13
10 12 14 10 8 8 9 9 9 8 10 11 9 13 0 0 0 1 2 3 4 5 6 7 7 7 8 11
-69.21911834
ag-37X3-a
H H H H H H H C C C N O Ag
0 1 2 3 4 5 6 7 7 7 8 9 11 7 8 8 8 9 9 9 10 11 12 10 10 12
7 8 8 8 9 9 9 10 11 12 10 10 12 0 1 2 3 4 5 6 7 7 7 8 9 11
-68.58770390000001
ag-37X4-a
H H H H H H H C C C N O Ag Ag
0 0 1 2 3 4 5 6 7 7 7 7 8 11 9 13 9 9 8 8 8 10 9 10 11 12 10 12
9 13 9 9 8 8 8 10 9 10 11 12 10 12 0 0 1 2 3 4 5 6 7 7 7 7 8 11
-68.98033252000002
ag-49X1-a
H H H H H H H H H C C C C N O Ag Ag
0 1 2 3 4 5 5 6 7 8 9 9 9 10 10 10 14 9 13 11 11 11 10 16 12 12 12 13 14 15 11 12 13 15
9 13 11 11 11 10 16 12 12 12 13 14 15 11 12 13 15 0 1 2 3 4 5 5 6 7 8 9 9 9 10 10 10 14
-85.53142814
ag-49X2-a
H H H H H H H H H C C C C N O Ag
0 1 2 3 4 5 6 7 8 9 9 9 10 10 11 14 9 13 10 10 11 11 12 12 12 13 14 15 11 13 12 15
9 13 10 10 11 11 12 12 12 13 14 15 11 13 12 15 0 1 2 3 4 5 6 7 8 9 9 9 10 10 11 14
-85.47091887000002
ag-49X3-a
H H H H H H H H H C C C C N O Ag Ag Ag
0 0 0 1 2 3 4 5 6 7 8 9 9 9 10 10 14 13 15 17 13 11 11 11 10 12 12 12 10 13 14 11 12 16
13 15 17 13 11 11 11 10 12 12 12 10 13 14 11 12 16 0 0 0 1 2 3 4 5 6 7 8 9 9 9 10 10 14
-85.89683966999999
ag-49X4-a
H H H H H H H H H C C C C N O Ag Ag Ag Ag
0 1 2 3 3 4 4 5 6 7 8 9 9 9 9 10 11 13 14 13 13 10 10 17 11 15 11 12 12 12 10 13 14 16 11 12 18 16
13 13 10 10 17 11 15 11 12 12 12 10 13 14 16 11 12 18 16 0 1 2 3 3 4 4 5 6 7 8 9 9 9 9 10 11 13 14
-85.88723524
ag-49X5-a
H H H H H H H H H C C C C N O Ag Ag
0 1 2 3 4 5 6 7 8 8 9 9 9 10 11 11 14 9 10 10 10 11 11 12 12 12 16 13 14 15 13 12 13 15
9 10 10 10 11 11 12 12 12 16 13 14 15 13 12 13 15 0 1 2 3 4 5 6 7 8 8 9 9 9 10 11 11 14
-85.24991654000002
ag-49X6-a
H H H H H H H H H C C C C N O Ag Ag Ag
0 0 1 2 3 4 5 5 6 7 8 9 9 9 9 10 10 14 11 17 11 11 13 10 10 16 12 12 12 11 13 14 15 12 13 15
11 17 11 11 13 10 10 16 12 12 12 11 13 14 15 12 13 15 0 0 1 2 3 4 5 5 6 7 8 9 9 9 9 10 10 14
-85.70478076
ag-49X7-a
H H H H H H H H H C C C C N O Ag Ag Ag
0 1 2 3 4 5 5 6 7 8 8 9 9 9 9 10 11 14 13 10 10 10 11 11 17 12 12 12 15 11 13 14 16 13 12 16
13 10 10 10 11 11 17 12 12 12 15 11 13 14 16 13 12 16 0 1 2 3 4 5 5 6 7 8 8 9 9 9 9 10 11 14
-85.64371033
ag-49X8-a
H H H H H H H H H C C C C N O Ag Ag
0 1 2 3 4 5 6 7 8 8 9 9 9 9 10 11 14 10 10 10 11 11 11 12 12 12 16 12 13 14 15 13 13 15
10 10 10 11 11 11 12 12 12 16 12 13 14 15 13 13 15 0 1 2 3 4 5 6 7 8 8 9 9 9 9 10 11 14
-85.37669607000001
au-13X1-a
H H H C N O Au
0 1 2 3 3 5 3 4 4 4 5 6
3 4 4 4 5 6 0 1 2 3 3 5
-35.584354390000016
au-25X1-a
H H H H H C C N O Au
0 1 2 3 4 5 5 6 7 5 7 6 6 6 7 8 7 9
5 7 6 6 6 7 8 7 9 0 1 2 3 4 5 5 6 7
-52.04533114
au-25X2-a
H H H H H C C N O Au Au Au
0 0 0 1 2 3 4 5 5 5 8 7 9 11 7 6 6 6 6 7 8 10
7 9 11 7 6 6 6 6 7 8 10 0 0 0 1 2 3 4 5 5 5 8
-52.56050603
au-37X1-a
H H H H H H H C C C N O Au
0 1 2 3 4 5 6 7 7 7 8 8 11 7 10 8 8 9 9 9 10 11 12 9 10 12
7 10 8 8 9 9 9 10 11 12 9 10 12 0 1 2 3 4 5 6 7 7 7 8 8 11
-68.77658538
au-37X2-a
H H H H H H H C C C N O Au Au
0 0 1 2 3 4 5 6 7 7 7 8 11 10 13 10 8 8 9 9 9 8 10 11 9 12
10 13 10 8 8 9 9 9 8 10 11 9 12 0 0 1 2 3 4 5 6 7 7 7 8 11
-69.1762478
au-37X3-a
H H H H H H H C C C N O Au
0 1 2 3 4 5 6 7 7 7 8 9 11 7 8 8 8 9 9 9 10 11 12 10 10 12
7 8 8 8 9 9 9 10 11 12 10 10 12 0 1 2 3 4 5 6 7 7 7 8 9 11
-68.57693787000002
au-37X4-a
H H H H H H H C C C N O Au Au
0 0 1 2 3 4 5 6 7 7 7 8 11 9 13 9 9 8 8 8 10 9 10 11 10 12
9 13 9 9 8 8 8 10 9 10 11 10 12 0 0 1 2 3 4 5 6 7 7 7 8 11
-68.95743230000002
au-49X1-a
H H H H H H H H H C C C C N O Au Au
0 1 2 3 4 5 5 6 7 8 9 9 10 10 10 14 9 13 11 11 11 10 16 12 12 12 13 14 11 12 13 15
9 13 11 11 11 10 16 12 12 12 13 14 11 12 13 15 0 1 2 3 4 5 5 6 7 8 9 9 10 10 10 14
-85.5165221
au-49X2-a
H H H H H H H H H C C C C N O Au
0 1 2 3 4 5 6 7 8 9 9 10 10 11 14 9 13 10 10 11 11 12 12 12 13 14 11 13 12 15
9 13 10 10 11 11 12 12 12 13 14 11 13 12 15 0 1 2 3 4 5 6 7 8 9 9 10 10 11 14
-85.45846126
au-49X3-a
H H H H H H H H H C C C C N O Au Au Au
0 0 0 1 2 3 4 5 6 7 8 9 9 9 10 10 14 13 15 17 13 11 11 11 10 12 12 12 10 13 14 11 12 16
13 15 17 13 11 11 11 10 12 12 12 10 13 14 11 12 16 0 0 0 1 2 3 4 5 6 7 8 9 9 9 10 10 14
-85.85897077000001
au-49X4-a
H H H H H H H H H C C C C N O Au
0 1 2 3 4 5 6 7 8 9 9 9 10 11 14 13 13 10 10 11 11 12 12 12 10 13 14 11 12 15
13 13 10 10 11 11 12 12 12 10 13 14 11 12 15 0 1 2 3 4 5 6 7 8 9 9 9 10 11 14
-85.85712173000002
au-49X5-a
H H H H H H H H H C C C C N O Au Au
0 1 2 3 4 5 6 7 8 8 9 9 10 11 11 14 9 10 10 10 11 11 12 12 12 16 13 14 13 12 13 15
9 10 10 10 11 11 12 12 12 16 13 14 13 12 13 15 0 1 2 3 4 5 6 7 8 8 9 9 10 11 11 14
-85.23628929
au-49X6-a
H H H H H H H H H C C C C N O Au Au Au
0 0 1 2 3 4 5 5 6 7 8 9 9 9 10 10 14 11 17 11 11 13 10 10 16 12 12 12 11 13 14 12 13 15
11 17 11 11 13 10 10 16 12 12 12 11 13 14 12 13 15 0 0 1 2 3 4 5 5 6 7 8 9 9 9 10 10 14
-85.68840214000002
au-49X7-a
H H H H H H H H H C C C C N O Au
0 1 2 3 4 5 6 7 8 9 9 9 10 11 13 13 10 10 10 11 11 12 12 12 11 13 14 13 12 15
13 10 10 10 11 11 12 12 12 11 13 14 13 12 15 0 1 2 3 4 5 6 7 8 9 9 9 10 11 13
-85.57354119000001
au-49X8-a
H H H H H H H H H C C C C N O Au
0 1 2 3 4 5 6 7 8 9 9 9 10 11 14 10 10 10 11 11 11 12 12 12 12 13 14 13 13 15
10 10 10 11 11 11 12 12 12 12 13 14 13 13 15 0 1 2 3 4 5 6 7 8 9 9 9 10 11 14
-85.36375125
cd-13X1-a
H H H C N O Cd Cd
0 1 1 2 3 3 5 3 4 7 4 4 5 6
3 4 7 4 4 5 6 0 1 1 2 3 3 5
-35.62043804
cd-25X1-a
H H H H H C C N O Cd
0 1 2 3 4 5 5 6 8 5 7 6 6 6 7 8 7 9
5 7 6 6 6 7 8 7 9 0 1 2 3 4 5 5 6 8
-51.982966909999995
cd-25X2-a
H H H H H C C N O Cd Cd
0 0 1 2 3 4 5 5 5 8 7 9 7 6 6 6 6 7 8 10
7 9 7 6 6 6 6 7 8 10 0 0 1 2 3 4 5 5 5 8
-52.4744026
cd-37X1-a
H H H H H H H C C C N O Cd
0 1 2 3 4 5 6 7 7 7 8 8 11 7 10 8 8 9 9 9 10 11 12 9 10 12
7 10 8 8 9 9 9 10 11 12 9 10 12 0 1 2 3 4 5 6 7 7 7 8 8 11
-68.69292318000001
cd-37X2-a
H H H H H H H C C C N O Cd
0 1 2 3 4 5 6 7 7 7 8 11 10 10 8 8 9 9 9 8 10 11 9 12
10 10 8 8 9 9 9 8 10 11 9 12 0 1 2 3 4 5 6 7 7 7 8 11
-69.09155688999999
cd-37X3-a
H H H H H H H C C C N O Cd
0 1 2 3 4 5 6 7 7 7 8 9 11 7 8 8 8 9 9 9 10 11 12 10 10 12
7 8 8 8 9 9 9 10 11 12 10 10 12 0 1 2 3 4 5 6 7 7 7 8 9 11
-68.48416931
cd-37X4-a
H H H H H H H C C C N O Cd Cd
0 0 1 2 3 4 5 6 7 7 7 8 11 9 13 9 9 8 8 8 10 9 10 11 10 12
9 13 9 9 8 8 8 10 9 10 11 10 12 0 0 1 2 3 4 5 6 7 7 7 8 11
-68.88005615
cd-49X1-a
H H H H H H H H H C C C C N O Cd Cd
0 1 2 3 4 5 5 6 7 8 9 9 10 10 10 14 9 13 11 11 11 10 16 12 12 12 13 14 11 12 13 15
9 13 11 11 11 10 16 12 12 12 13 14 11 12 13 15 0 1 2 3 4 5 5 6 7 8 9 9 10 10 10 14
-85.41009400000002
cd-49X2-a
H H H H H H H H H C C C C N O Cd
0 1 2 3 4 5 6 7 8 9 9 9 10 10 11 14 9 13 10 10 11 11 12 12 12 13 14 15 11 13 12 15
9 13 10 10 11 11 12 12 12 13 14 15 11 13 12 15 0 1 2 3 4 5 6 7 8 9 9 9 10 10 11 14
-85.35151968
cd-49X3-a
H H H H H H H H H C C C C N O Cd
0 1 2 3 4 5 6 7 8 9 9 9 10 10 14 13 13 11 11 11 10 12 12 12 10 13 14 11 12 15
13 13 11 11 11 10 12 12 12 10 13 14 11 12 15 0 1 2 3 4 5 6 7 8 9 9 9 10 10 14
-85.73350214000001
cd-49X4-a
H H H H H H H H H C C C C N O Cd
0 1 2 3 4 5 6 7 8 9 9 9 9 10 11 14 13 13 10 10 11 11 12 12 12 10 13 14 15 11 12 15
13 13 10 10 11 11 12 12 12 10 13 14 15 11 12 15 0 1 2 3 4 5 6 7 8 9 9 9 9 10 11 14
-85.75072657999999
cd-49X5-a
H H H H H H H H H C C C C N O Cd
0 1 2 3 4 5 6 7 8 9 9 9 10 11 11 14 9 10 10 10 11 11 12 12 12 13 14 15 13 12 13 15
9 10 10 10 11 11 12 12 12 13 14 15 13 12 13 15 0 1 2 3 4 5 6 7 8 9 9 9 10 11 11 14
-85.15149779999999
cd-49X6-a
H H H H H H H H H C C C C N O Cd
0 1 2 3 4 5 6 7 8 9 9 9 10 10 14 11 11 11 13 10 10 12 12 12 11 13 14 12 13 15
11 11 11 13 10 10 12 12 12 11 13 14 12 13 15 0 1 2 3 4 5 6 7 8 9 9 9 10 10 14
-85.58955684
cd-49X7-a
H H H H H H H H H C C C C N O Cd Cd
0 1 2 3 4 5 5 6 7 8 9 9 9 10 11 14 13 10 10 10 11 11 16 12 12 12 11 13 14 13 12 15
13 10 10 10 11 11 16 12 12 12 11 13 14 13 12 15 0 1 2 3 4 5 5 6 7 8 9 9 9 10 11 14
-85.5136416
cd-49X8-a
H H H H H H H H H C C C C N O Cd
0 1 2 3 4 5 6 7 8 9 9 9 9 10 11 14 10 10 10 11 11 11 12 12 12 12 13 14 15 13 13 15
10 10 10 11 11 11 12 12 12 12 13 14 15 13 13 15 0 1 2 3 4 5 6 7 8 9 9 9 9 10 11 14
-85.2701428
co-13X1-a
H H H C N O Co Co Co Co Co Co Co Co
0 0 0 1 1 2 2 2 3 3 3 3 3 3 4 4 4 4 4 5 5 5 3 9 10 4 10 4 7 10 4 5 9 10 11 12 7 8 9 10 13 6 11 12
3 9 10 4 10 4 7 10 4 5 9 10 11 12 7 8 9 10 13 6 11 12 0 0 0 1 1 2 2 2 3 3 3 3 3 3 4 4 4 4 4 5 5 5
-35.94816818000004
co-25X1-a
H H H H H C C N O Co Co Co Co Co Co Co Co
0 0 1 1 1 2 2 3 4 5 5 5 5 5 5 6 7 7 8 8 8 5 12 7 10 13 6 16 6 6 7 8 12 13 14 15 7 11 13 9 14 15
5 12 7 10 13 6 16 6 6 7 8 12 13 14 15 7 11 13 9 14 15 0 0 1 1 1 2 2 3 4 5 5 5 5 5 5 6 7 7 8 8 8
-52.397497869999995
co-25X2-a
H H H H H C C N O Co Co Co Co Co Co Co
0 0 0 0 0 1 2 3 4 5 5 5 5 5 7 8 8 8 8 8 7 10 12 14 15 7 6 6 6 6 7 8 11 12 12 9 11 12 13 14
7 10 12 14 15 7 6 6 6 6 7 8 11 12 12 9 11 12 13 14 0 0 0 0 0 1 2 3 4 5 5 5 5 5 7 8 8 8 8 8
-52.84421746000004
co-37X1-a
H H H H H H H C C C N O Co Co Co Co Co Co
0 0 0 1 2 3 3 4 5 6 6 7 7 7 7 8 8 10 11 11 11 11 7 13 14 10 8 8 17 9 9 9 15 10 11 14 16 9 10 14 12 14 16 17
7 13 14 10 8 8 17 9 9 9 15 10 11 14 16 9 10 14 12 14 16 17 0 0 0 1 2 3 3 4 5 6 6 7 7 7 7 8 8 10 11 11 11 11
-69.00697721
co-37X2-a
H H H H H H H C C C N O Co Co Co Co Co Co
0 0 0 0 1 2 3 4 5 6 7 7 7 7 8 10 11 11 11 11 10 12 16 17 10 8 8 9 9 9 8 10 11 14 9 17 13 14 15 16
10 12 16 17 10 8 8 9 9 9 8 10 11 14 9 17 13 14 15 16 0 0 0 0 1 2 3 4 5 6 7 7 7 7 8 10 11 11 11 11
-69.46916594000004
co-37X3-a
H H H H H H H C C C N O Co Co Co Co Co Co Co
0 0 1 2 3 3 4 5 5 6 7 7 7 7 7 8 9 10 11 11 11 11 7 15 8 8 8 13 9 9 14 9 10 11 15 16 17 10 10 16 12 16 17 18
7 15 8 8 8 13 9 9 14 9 10 11 15 16 17 10 10 16 12 16 17 18 0 0 1 2 3 3 4 5 5 6 7 7 7 7 7 8 9 10 11 11 11 11
-68.80872577000002
co-37X4-a
H H H H H H H C C C N O Co Co Co Co Co Co Co Co
0 0 1 2 2 3 3 4 4 5 6 6 6 7 7 7 7 7 7 7 8 8 9 10 10 10 10 11 11 11 11 11 9 15 9 9 12 8 19 8 14 8 10 13 16 9 10 11 12 15 16 18 10 19 15 13 14 16 19 15 16 17 18 19
9 15 9 9 12 8 19 8 14 8 10 13 16 9 10 11 12 15 16 18 10 19 15 13 14 16 19 15 16 17 18 19 0 0 1 2 2 3 3 4 4 5 6 6 6 7 7 7 7 7 7 7 8 8 9 10 10 10 10 11 11 11 11 11
-68.98372370000004
co-49X1-a
H H H H H H H H H C C C C N O Co Co Co Co Co Co
0 0 1 2 3 4 5 5 5 5 6 7 8 9 9 9 9 9 10 10 10 13 14 14 14 14 9 15 13 11 11 11 10 17 19 20 12 12 12 13 14 15 16 17 11 12 13 17 16 17 18 19
9 15 13 11 11 11 10 17 19 20 12 12 12 13 14 15 16 17 11 12 13 17 16 17 18 19 0 0 1 2 3 4 5 5 5 5 6 7 8 9 9 9 9 9 10 10 10 13 14 14 14 14
-85.76028594000002
co-49X2-a
H H H H H H H H H C C C C N O Co Co Co Co Co Co Co
0 0 1 2 3 3 3 4 4 5 6 7 8 9 9 9 9 9 10 10 11 13 14 14 14 14 9 15 13 10 10 20 21 11 16 11 12 12 12 13 14 15 17 18 11 13 12 18 17 18 19 20
9 15 13 10 10 20 21 11 16 11 12 12 12 13 14 15 17 18 11 13 12 18 17 18 19 20 0 0 1 2 3 3 3 4 4 5 6 7 8 9 9 9 9 9 10 10 11 13 14 14 14 14
-85.69847248000002
co-49X3-a
H H H H H H H H H C C C C N O Co Co Co Co Co Co
0 0 0 0 1 2 3 4 5 6 7 8 9 9 9 10 10 13 14 14 14 14 13 15 19 20 13 11 11 11 10 12 12 12 10 13 14 11 12 20 16 17 18 19
13 15 19 20 13 11 11 11 10 12 12 12 10 13 14 11 12 20 16 17 18 19 0 0 0 0 1 2 3 4 5 6 7 8 9 9 9 10 10 13 14 14 14 14
-86.17996830999999
co-49X4-a
H H H H H H H H H C C C C N O Co Co Co Co Co Co Co
0 0 1 2 3 3 4 4 5 6 7 8 9 9 9 9 9 9 10 11 13 14 14 14 14 14 13 21 13 10 10 18 11 17 11 12 12 12 10 13 14 18 20 21 11 12 21 15 16 19 20 21
13 21 13 10 10 18 11 17 11 12 12 12 10 13 14 18 20 21 11 12 21 15 16 19 20 21 0 0 1 2 3 3 4 4 5 6 7 8 9 9 9 9 9 9 10 11 13 14 14 14 14 14
-86.08062486
co-49X5-a
H H H H H H H H H C C C C N O Co Co Co Co Co Co Co Co
0 0 0 1 1 2 3 3 4 5 5 5 6 7 8 8 9 9 9 9 9 9 10 10 10 11 11 13 13 14 14 14 9 16 20 10 17 10 10 18 11 11 20 21 12 12 12 22 13 14 15 16 19 20 13 17 20 12 13 18 20 15 18 19
9 16 20 10 17 10 10 18 11 11 20 21 12 12 12 22 13 14 15 16 19 20 13 17 20 12 13 18 20 15 18 19 0 0 0 1 1 2 3 3 4 5 5 5 6 7 8 8 9 9 9 9 9 9 10 10 10 11 11 13 13 14 14 14
-85.54877905000001
co-49X6-a
H H H H H H H H H C C C C N O Co Co Co Co Co Co Co Co
0 0 1 2 3 3 3 4 5 5 5 6 7 8 8 8 9 9 9 9 9 9 10 10 11 13 13 13 14 14 14 14 14 11 18 11 11 13 16 19 10 10 21 22 12 12 12 17 22 11 13 14 16 18 19 12 13 18 16 19 21 15 18 19 20 21
11 18 11 11 13 16 19 10 10 21 22 12 12 12 17 22 11 13 14 16 18 19 12 13 18 16 19 21 15 18 19 20 21 0 0 1 2 3 3 3 4 5 5 5 6 7 8 8 8 9 9 9 9 9 9 10 10 11 13 13 13 14 14 14 14 14
-85.93907013
co-49X7-a
H H H H H H H H H C C C C N O Co Co Co Co Co Co Co
0 0 0 1 1 2 2 2 3 4 5 5 6 7 8 8 8 8 9 9 9 9 9 10 10 10 11 13 13 13 17 20 10 21 10 18 21 10 11 11 16 12 12 12 15 18 19 11 13 14 19 20 13 20 21 12 18 20
13 17 20 10 21 10 18 21 10 11 11 16 12 12 12 15 18 19 11 13 14 19 20 13 20 21 12 18 20 0 0 0 1 1 2 2 2 3 4 5 5 6 7 8 8 8 8 9 9 9 9 9 10 10 10 11 13 13
-85.67812445000004
co-49X8-a
H H H H H H H H H C C C C N O Co Co Co Co Co Co Co Co Co Co
0 0 0 0 1 1 2 3 3 3 4 5 5 6 6 6 6 7 8 8 9 9 9 9 9 9 10 10 11 11 11 12 13 13 13 13 14 14 14 14 10 15 23 24 10 24 10 11 18 21 11 11 19 12 16 17 20 12 12 17 12 13 14 17 20 21 13 24 13 19 21 17 19 21 23 24 20 21 22 23
10 15 23 24 10 24 10 11 18 21 11 11 19 12 16 17 20 12 12 17 12 13 14 17 20 21 13 24 13 19 21 17 19 21 23 24 20 21 22 23 0 0 0 0 1 1 2 3 3 3 4 5 5 6 6 6 6 7 8 8 9 9 9 9 9 9 10 10 11 11 11 12 13 13 13 13 14 14 14 14
-85.34212478
cu-13X1-a
H H H C N O Cu Cu Cu
0 1 1 1 2 3 3 5 3 4 7 8 4 4 5 6
3 4 7 8 4 4 5 6 0 1 1 1 2 3 3 5
-35.84506026
cu-25X1-a
H H H H H C C N O Cu
0 1 1 2 3 4 5 5 5 6 7 5 7 9 6 6 6 7 8 9 7 9
5 7 9 6 6 6 7 8 9 7 9 0 1 1 2 3 4 5 5 5 6 7
-52.05832645999999
cu-25X2-a
H H H H H C C N O Cu Cu Cu
0 0 0 1 2 3 4 5 5 5 8 7 9 11 7 6 6 6 6 7 8 10
7 9 11 7 6 6 6 6 7 8 10 0 0 0 1 2 3 4 5 5 5 8
-52.737374200000005
cu-37X1-a
H H H H H H H C C C N O Cu Cu
0 1 2 3 4 5 6 7 7 7 7 8 8 11 7 10 8 8 9 9 9 10 11 12 13 9 10 12
7 10 8 8 9 9 9 10 11 12 13 9 10 12 0 1 2 3 4 5 6 7 7 7 7 8 8 11
-68.89944589000001
cu-37X2-a
H H H H H H H C C C N O Cu Cu Cu Cu
0 0 0 1 2 3 4 5 6 7 7 7 8 11 11 10 12 13 10 8 8 9 9 9 8 10 11 9 14 15
10 12 13 10 8 8 9 9 9 8 10 11 9 14 15 0 0 0 1 2 3 4 5 6 7 7 7 8 11 11
-69.35664064
cu-37X3-a
H H H H H H H C C C N O Cu Cu
0 0 1 2 3 4 5 6 7 7 7 7 8 9 11 7 12 8 8 8 9 9 9 10 11 12 13 10 10 13
7 12 8 8 8 9 9 9 10 11 12 13 10 10 13 0 0 1 2 3 4 5 6 7 7 7 7 8 9 11
-68.70512923999999
cu-37X4-a
H H H H H H H C C C N O Cu Cu Cu
0 1 2 3 4 4 5 6 7 7 7 8 9 10 9 9 9 8 8 12 8 10 9 10 11 10 14 13
9 9 9 8 8 12 8 10 9 10 11 10 14 13 0 1 2 3 4 4 5 6 7 7 7 8 9 10
-68.93161312000001
cu-49X1-a
H H H H H H H H H C C C C N O Cu Cu Cu
0 1 2 3 4 5 5 6 7 8 9 9 9 9 10 10 10 14 9 13 11 11 11 10 17 12 12 12 13 14 15 16 11 12 13 16
9 13 11 11 11 10 17 12 12 12 13 14 15 16 11 12 13 16 0 1 2 3 4 5 5 6 7 8 9 9 9 9 10 10 10 14
-85.64645474999998
cu-49X2-a
H H H H H H H H H C C C C N O Cu Cu
0 1 2 3 4 5 6 7 8 9 9 9 9 10 10 11 14 9 13 10 10 11 11 12 12 12 13 14 15 16 11 13 12 16
9 13 10 10 11 11 12 12 12 13 14 15 16 11 13 12 16 0 1 2 3 4 5 6 7 8 9 9 9 9 10 10 11 14
-85.58819317000001
cu-49X3-a
H H H H H H H H H C C C C N O Cu Cu Cu
0 0 0 1 2 3 4 5 6 7 8 9 9 9 10 10 14 13 15 17 13 11 11 11 10 12 12 12 10 13 14 11 12 16
13 15 17 13 11 11 11 10 12 12 12 10 13 14 11 12 16 0 0 0 1 2 3 4 5 6 7 8 9 9 9 10 10 14
-86.04687394000001
cu-49X4-a
H H H H H H H H H C C C C N O Cu Cu
0 1 2 3 4 5 6 7 8 9 9 9 9 10 11 13 14 13 13 10 10 11 11 12 12 12 10 13 14 15 11 12 16 15
13 13 10 10 11 11 12 12 12 10 13 14 15 11 12 16 15 0 1 2 3 4 5 6 7 8 9 9 9 9 10 11 13 14
-86.02383214000002
cu-49X5-a
H H H H H H H H H C C C C N O Cu Cu Cu Cu
0 0 1 2 3 4 5 6 7 8 8 9 9 9 9 10 11 11 14 9 18 10 10 10 11 11 12 12 12 15 13 14 16 17 13 12 13 16
9 18 10 10 10 11 11 12 12 12 15 13 14 16 17 13 12 13 16 0 0 1 2 3 4 5 6 7 8 8 9 9 9 9 10 11 11 14
-85.36177939999999
cu-49X6-a
H H H H H H H H H C C C C N O Cu Cu Cu
0 0 1 2 3 4 5 5 6 7 8 9 9 9 9 10 10 14 11 17 11 11 13 10 10 16 12 12 12 11 13 14 15 12 13 15
11 17 11 11 13 10 10 16 12 12 12 11 13 14 15 12 13 15 0 0 1 2 3 4 5 5 6 7 8 9 9 9 9 10 10 14
-85.82139440999998
cu-49X7-a
H H H H H H H H H C C C C N O Cu Cu Cu
0 0 1 2 2 3 4 5 5 6 7 8 9 9 9 10 11 13 13 16 10 10 15 10 11 11 17 12 12 12 11 13 14 13 12 16
13 16 10 10 15 10 11 11 17 12 12 12 11 13 14 13 12 16 0 0 1 2 2 3 4 5 5 6 7 8 9 9 9 10 11 13
-85.59496345999997
cu-49X8-a
H H H H H H H H H C C C C N O Cu Cu
0 1 2 3 4 5 6 7 8 8 9 9 9 9 10 11 14 10 10 10 11 11 11 12 12 12 16 12 13 14 15 13 13 15
10 10 10 11 11 11 12 12 12 16 12 13 14 15 13 13 15 0 1 2 3 4 5 6 7 8 8 9 9 9 9 10 11 14
-85.48006039
fe-13X1-a
H H H C N O Fe Fe Fe Fe Fe Fe
0 0 0 1 1 1 2 2 3 3 3 3 3 3 4 4 5 5 5 5 3 9 11 4 6 8 4 6 4 5 6 8 9 11 6 8 7 8 10 11
3 9 11 4 6 8 4 6 4 5 6 8 9 11 6 8 7 8 10 11 0 0 0 1 1 1 2 2 3 3 3 3 3 3 4 4 5 5 5 5
-36.237957619999975
fe-25X1-a
H H H H H C C N O Fe Fe Fe Fe Fe Fe Fe Fe
0 0 1 1 1 2 2 3 4 5 5 5 5 5 5 5 6 7 7 8 8 8 8 8 5 12 7 13 16 6 11 6 6 7 8 10 12 13 15 16 7 15 16 9 10 12 14 15
5 12 7 13 16 6 11 6 6 7 8 10 12 13 15 16 7 15 16 9 10 12 14 15 0 0 1 1 1 2 2 3 4 5 5 5 5 5 5 5 6 7 7 8 8 8 8 8
-52.67381981999995
fe-25X2-a
H H H H H C C N O Fe Fe Fe Fe Fe Fe
0 0 0 0 1 2 3 4 5 5 5 5 7 8 8 8 8 8 7 9 10 11 7 6 6 6 6 7 8 14 11 9 11 12 13 14
7 9 10 11 7 6 6 6 6 7 8 14 11 9 11 12 13 14 0 0 0 0 1 2 3 4 5 5 5 5 7 8 8 8 8 8
-52.957083850000004
fe-37X1-a
H H H H H H H C C C N O Fe Fe Fe Fe Fe Fe Fe Fe Fe Fe
0 0 1 1 1 2 3 3 4 5 6 6 7 7 7 7 7 7 7 8 8 10 10 10 11 11 11 11 11 7 16 10 18 21 8 8 15 9 9 9 17 10 11 14 16 18 20 21 9 10 12 20 21 13 14 16 19 20
7 16 10 18 21 8 8 15 9 9 9 17 10 11 14 16 18 20 21 9 10 12 20 21 13 14 16 19 20 0 0 1 1 1 2 3 3 4 5 6 6 7 7 7 7 7 7 7 8 8 10 10 10 11 11 11 11 11
-69.41206540999997
fe-37X2-a
H H H H H H H C C C N O Fe Fe Fe Fe Fe Fe
0 0 0 0 1 2 3 3 4 5 6 7 7 7 7 8 10 10 11 11 11 11 10 13 14 15 10 8 8 12 9 9 9 8 10 11 15 9 13 15 13 15 16 17
10 13 14 15 10 8 8 12 9 9 9 8 10 11 15 9 13 15 13 15 16 17 0 0 0 0 1 2 3 3 4 5 6 7 7 7 7 8 10 10 11 11 11 11
-69.63304678999998
fe-37X3-a
H H H H H H H C C C N O Fe Fe Fe Fe Fe Fe Fe Fe
0 0 0 0 1 2 3 3 4 4 5 5 5 6 7 7 7 7 7 8 9 11 11 11 11 7 14 16 19 8 8 8 12 9 13 9 13 15 9 10 11 12 16 19 10 10 13 17 18 19
7 14 16 19 8 8 8 12 9 13 9 13 15 9 10 11 12 16 19 10 10 13 17 18 19 0 0 0 0 1 2 3 3 4 4 5 5 5 6 7 7 7 7 7 8 9 11 11 11 11
-68.95393082999999
fe-37X4-a
H H H H H H H C C C N O Fe Fe Fe Fe Fe Fe Fe
0 0 1 2 3 3 4 5 6 6 6 7 7 7 7 7 7 7 7 8 10 10 10 11 11 11 11 9 18 9 9 8 13 8 8 10 12 14 9 10 11 12 13 14 15 18 10 12 13 14 13 16 17 18
9 18 9 9 8 13 8 8 10 12 14 9 10 11 12 13 14 15 18 10 12 13 14 13 16 17 18 0 0 1 2 3 3 4 5 6 6 6 7 7 7 7 7 7 7 7 8 10 10 10 11 11 11 11
-69.61865112999999
fe-49X1-a
H H H H H H H H H C C C C N O Fe Fe Fe Fe Fe Fe Fe
0 0 1 2 3 4 4 5 5 6 7 8 9 9 9 9 9 10 10 10 13 14 14 14 14 9 15 13 11 11 11 16 10 17 12 12 12 13 14 15 18 21 11 12 13 18 17 19 20 21
9 15 13 11 11 11 16 10 17 12 12 12 13 14 15 18 21 11 12 13 18 17 19 20 21 0 0 1 2 3 4 4 5 5 6 7 8 9 9 9 9 9 10 10 10 13 14 14 14 14
-85.85019609
fe-49X2-a
H H H H H H H H H C C C C N O Fe Fe Fe Fe Fe Fe Fe Fe Fe
0 0 1 2 3 3 4 4 5 6 6 7 8 9 9 9 9 9 10 10 11 14 14 14 14 9 15 13 10 10 18 11 17 11 12 16 12 12 13 14 15 20 23 11 13 12 19 21 22 23
9 15 13 10 10 18 11 17 11 12 16 12 12 13 14 15 20 23 11 13 12 19 21 22 23 0 0 1 2 3 3 4 4 5 6 6 7 8 9 9 9 9 9 10 10 11 14 14 14 14
-85.76733351999997
fe-49X3-a
H H H H H H H H H C C C C N O Fe Fe Fe Fe Fe Fe
0 0 0 0 1 2 3 4 5 6 6 7 8 9 9 9 10 10 14 14 14 14 13 15 16 17 13 11 11 11 10 12 20 12 12 10 13 14 11 12 17 18 19 20
13 15 16 17 13 11 11 11 10 12 20 12 12 10 13 14 11 12 17 18 19 20 0 0 0 0 1 2 3 4 5 6 6 7 8 9 9 9 10 10 14 14 14 14
-86.30692779999998
fe-49X4-a
H H H H H H H H H C C C C N O Fe Fe Fe Fe Fe
0 0 0 0 1 2 3 4 4 5 6 7 8 9 9 9 9 10 11 13 14 14 14 14 13 15 16 17 13 10 10 11 19 11 12 12 12 10 13 14 17 11 12 17 16 17 18 19
13 15 16 17 13 10 10 11 19 11 12 12 12 10 13 14 17 11 12 17 16 17 18 19 0 0 0 0 1 2 3 4 4 5 6 7 8 9 9 9 9 10 11 13 14 14 14 14
-86.28023751999996
fe-49X5-a
H H H H H H H H H C C C C N O Fe Fe Fe Fe Fe Fe Fe Fe Fe
0 0 0 1 1 1 1 2 3 3 4 5 5 5 6 7 8 8 8 9 9 9 9 9 10 10 11 11 13 13 13 13 14 14 14 14 9 18 20 10 15 20 21 10 10 15 11 11 17 22 12 12 12 17 19 13 14 18 20 23 13 15 12 13 15 17 19 23 16 18 22 23
9 18 20 10 15 20 21 10 10 15 11 11 17 22 12 12 12 17 19 13 14 18 20 23 13 15 12 13 15 17 19 23 16 18 22 23 0 0 0 1 1 1 1 2 3 3 4 5 5 5 6 7 8 8 8 9 9 9 9 9 10 10 11 11 13 13 13 13 14 14 14 14
-85.92652576999996
fe-49X6-a
H H H H H H H H H C C C C N O Fe Fe Fe Fe Fe Fe Fe Fe Fe
0 0 1 2 2 3 3 3 3 4 5 5 6 7 8 8 8 9 9 9 9 9 9 10 10 11 13 13 13 13 14 14 14 14 11 15 11 11 21 13 16 21 23 10 10 22 12 12 12 18 20 11 13 14 19 21 23 12 13 21 18 21 22 23 17 19 22 23
11 15 11 11 21 13 16 21 23 10 10 22 12 12 12 18 20 11 13 14 19 21 23 12 13 21 18 21 22 23 17 19 22 23 0 0 1 2 2 3 3 3 3 4 5 5 6 7 8 8 8 9 9 9 9 9 9 10 10 11 13 13 13 13 14 14 14 14
-86.27730248999995
fe-49X7-a
H H H H H H H H H C C C C N O Fe Fe Fe Fe Fe Fe Fe Fe Fe
0 0 0 0 1 1 2 3 4 5 6 7 8 8 8 9 9 9 9 9 9 9 9 10 10 11 11 13 13 13 14 14 14 14 14 13 16 21 23 10 22 10 10 11 11 12 12 12 15 20 11 13 14 15 19 21 22 23 13 23 12 19 21 22 23 17 18 19 22 23
13 16 21 23 10 22 10 10 11 11 12 12 12 15 20 11 13 14 15 19 21 22 23 13 23 12 19 21 22 23 17 18 19 22 23 0 0 0 0 1 1 2 3 4 5 6 7 8 8 8 9 9 9 9 9 9 9 9 10 10 11 11 13 13 13 14 14 14 14 14
-86.24087638999998
fe-49X8-a
H H H H H H H H H C C C C N O Fe Fe Fe Fe Fe Fe Fe Fe
0 0 1 2 3 3 4 5 5 5 6 6 7 8 9 9 9 9 9 9 9 9 10 10 11 11 13 13 13 14 14 14 14 10 17 10 10 11 16 11 11 15 18 12 22 12 12 12 13 14 16 17 18 19 22 13 18 13 18 16 17 18 17 20 21 22
10 17 10 10 11 16 11 11 15 18 12 22 12 12 12 13 14 16 17 18 19 22 13 18 13 18 16 17 18 17 20 21 22 0 0 1 2 3 3 4 5 5 5 6 6 7 8 9 9 9 9 9 9 9 9 10 10 11 11 13 13 13 14 14 14 14
-85.90980458999996
ir-13X1-a
H H H C N O Ir Ir Ir
0 0 0 1 2 3 3 5 3 7 8 4 4 4 5 6
3 7 8 4 4 4 5 6 0 0 0 1 2 3 3 5
-35.87703174999996
ir-25X1-a
H H H H H C C N O Ir Ir Ir Ir
0 0 1 1 1 2 3 4 5 5 5 5 6 7 5 12 7 9 11 6 6 6 7 8 10 11 7 11
5 12 7 9 11 6 6 6 7 8 10 11 7 11 0 0 1 1 1 2 3 4 5 5 5 5 6 7
-52.31109531999999
ir-25X2-a
H H H H H C C N O Ir Ir Ir
0 0 0 1 2 3 4 5 5 5 8 7 9 11 7 6 6 6 6 7 8 10
7 9 11 7 6 6 6 6 7 8 10 0 0 0 1 2 3 4 5 5 5 8
-52.97023048999995
ir-37X1-a
H H H H H H H C C C N O Ir Ir
0 0 1 2 3 4 5 6 7 7 7 7 8 8 11 7 13 10 8 8 9 9 9 10 11 12 13 9 10 12
7 13 10 8 8 9 9 9 10 11 12 13 9 10 12 0 0 1 2 3 4 5 6 7 7 7 7 8 8 11
-69.06306296999998
ir-37X2-a
H H H H H H H C C C N O Ir Ir Ir
0 0 0 1 2 3 4 5 6 7 7 7 8 11 10 12 14 10 8 8 9 9 9 8 10 11 9 13
10 12 14 10 8 8 9 9 9 8 10 11 9 13 0 0 0 1 2 3 4 5 6 7 7 7 8 11
-69.59463914999998
ir-37X3-a
H H H H H H H C C C N O Ir Ir
0 0 1 2 3 4 5 6 7 7 7 7 8 9 11 7 12 8 8 8 9 9 9 10 11 12 13 10 10 13
7 12 8 8 8 9 9 9 10 11 12 13 10 10 13 0 0 1 2 3 4 5 6 7 7 7 7 8 9 11
-68.87139561999999
ir-37X4-a
H H H H H H H C C C N O Ir Ir Ir
0 1 2 3 4 4 5 6 6 7 7 7 7 8 8 9 10 9 9 9 8 8 12 8 10 13 9 10 11 13 10 13 14 13
9 9 9 8 8 12 8 10 13 9 10 11 13 10 13 14 13 0 1 2 3 4 4 5 6 6 7 7 7 7 8 8 9 10
-69.15644567999999
ir-49X1-a
H H H H H H H H H C C C C N O Ir Ir Ir
0 1 2 3 4 5 5 6 7 8 9 9 9 9 10 10 10 14 9 13 11 11 11 10 17 12 12 12 13 14 15 16 11 12 13 16
9 13 11 11 11 10 17 12 12 12 13 14 15 16 11 12 13 16 0 1 2 3 4 5 5 6 7 8 9 9 9 9 10 10 10 14
-85.81257701999999
ir-49X2-a
H H H H H H H H H C C C C N O Ir Ir
0 1 2 3 4 5 6 7 8 9 9 9 9 10 10 11 14 9 13 10 10 11 11 12 12 12 13 14 15 16 11 13 12 16
9 13 10 10 11 11 12 12 12 13 14 15 16 11 13 12 16 0 1 2 3 4 5 6 7 8 9 9 9 9 10 10 11 14
-85.75729975999997
ir-49X3-a
H H H H H H H H H C C C C N O Ir Ir Ir
0 0 0 1 2 3 4 5 6 7 8 9 9 9 10 10 14 13 15 17 13 11 11 11 10 12 12 12 10 13 14 11 12 16
13 15 17 13 11 11 11 10 12 12 12 10 13 14 11 12 16 0 0 0 1 2 3 4 5 6 7 8 9 9 9 10 10 14
-86.29028223999995
ir-49X4-a
H H H H H H H H H C C C C N O Ir Ir Ir
0 0 0 1 2 3 4 5 6 7 8 9 9 9 9 10 11 13 14 13 16 17 13 10 10 11 11 12 12 12 10 13 14 15 11 12 16 15
13 16 17 13 10 10 11 11 12 12 12 10 13 14 15 11 12 16 15 0 0 0 1 2 3 4 5 6 7 8 9 9 9 9 10 11 13 14
-86.15260988
ir-49X5-a
H H H H H H H H H C C C C N O Ir Ir Ir Ir Ir Ir
0 0 0 1 1 2 3 4 5 5 6 7 8 8 9 9 9 9 9 10 10 11 11 13 14 14 9 15 19 10 16 10 10 11 11 18 12 12 12 20 13 14 15 17 19 13 19 12 13 19 17 19
9 15 19 10 16 10 10 11 11 18 12 12 12 20 13 14 15 17 19 13 19 12 13 19 17 19 0 0 0 1 1 2 3 4 5 5 6 7 8 8 9 9 9 9 9 10 10 11 11 13 14 14
-85.26634593
ir-49X6-a
H H H H H H H H H C C C C N O Ir Ir Ir Ir Ir Ir Ir
0 1 2 3 3 3 4 5 5 6 7 8 8 9 9 9 9 9 9 10 10 11 13 13 13 14 14 14 11 11 11 13 16 20 10 10 19 12 12 12 21 11 13 14 15 18 20 12 13 15 15 18 20 15 17 18
11 11 11 13 16 20 10 10 19 12 12 12 21 11 13 14 15 18 20 12 13 15 15 18 20 15 17 18 0 1 2 3 3 3 4 5 5 6 7 8 8 9 9 9 9 9 9 10 10 11 13 13 13 14 14 14
-86.27935027999996
ir-49X7-a
H H H H H H H H H C C C C N O Ir Ir Ir
0 0 1 2 2 3 4 5 5 6 7 8 9 9 9 9 10 10 11 13 13 16 10 10 15 10 11 11 17 12 12 12 11 13 14 16 13 16 12 16
13 16 10 10 15 10 11 11 17 12 12 12 11 13 14 16 13 16 12 16 0 0 1 2 2 3 4 5 5 6 7 8 9 9 9 9 10 10 11 13
-85.84467221
ir-49X8-a
H H H H H H H H H C C C C N O Ir Ir
0 1 2 3 4 5 6 7 8 8 9 9 9 9 10 11 14 10 10 10 11 11 11 12 12 12 16 12 13 14 15 13 13 15
10 10 10 11 11 11 12 12 12 16 12 13 14 15 13 13 15 0 1 2 3 4 5 6 7 8 8 9 9 9 9 10 11 14
-85.61838267999997
ni-13X1-a
H H H C N O Ni Ni Ni
0 0 1 2 3 3 3 3 3 5 3 8 4 4 4 5 6 7 8 6
3 8 4 4 4 5 6 7 8 6 0 0 1 2 3 3 3 3 3 5
-35.816548539999985
ni-25X1-a
H H H H H C C N O Ni Ni Ni Ni
0 0 1 1 1 2 3 4 5 5 5 5 6 6 7 5 12 7 9 11 6 6 6 7 8 10 11 7 11 11
5 12 7 9 11 6 6 6 7 8 10 11 7 11 11 0 0 1 1 1 2 3 4 5 5 5 5 6 6 7
-52.21736856000001
ni-25X2-a
H H H H H C C N O Ni Ni Ni
0 0 0 1 2 3 4 5 5 5 8 7 9 11 7 6 6 6 6 7 8 10
7 9 11 7 6 6 6 6 7 8 10 0 0 0 1 2 3 4 5 5 5 8
-52.92980117000002
ni-37X1-a
H H H H H H H C C C N O Ni Ni
0 0 1 2 3 4 5 6 7 7 7 7 8 8 11 7 13 10 8 8 9 9 9 10 11 12 13 9 10 12
7 13 10 8 8 9 9 9 10 11 12 13 9 10 12 0 0 1 2 3 4 5 6 7 7 7 7 8 8 11
-69.05933443999999
ni-37X2-a
H H H H H H H C C C N O Ni Ni Ni
0 0 0 1 2 3 4 5 6 7 7 7 8 11 10 12 14 10 8 8 9 9 9 8 10 11 9 13
10 12 14 10 8 8 9 9 9 8 10 11 9 13 0 0 0 1 2 3 4 5 6 7 7 7 8 11
-69.54145557999999
ni-37X3-a
H H H H H H H C C C N O Ni Ni
0 0 1 2 3 4 5 6 7 7 7 7 8 9 11 7 12 8 8 8 9 9 9 10 11 12 13 10 10 13
7 12 8 8 8 9 9 9 10 11 12 13 10 10 13 0 0 1 2 3 4 5 6 7 7 7 7 8 9 11
-68.87421823
ni-37X4-a
H H H H H H H C C C N O Ni Ni Ni
0 1 2 3 4 4 5 6 6 7 7 7 7 8 8 9 10 9 9 9 8 8 12 8 10 13 9 10 11 13 10 13 14 13
9 9 9 8 8 12 8 10 13 9 10 11 13 10 13 14 13 0 1 2 3 4 4 5 6 6 7 7 7 7 8 8 9 10
-69.06523069999997
ni-49X1-a
H H H H H H H H H C C C C N O Ni Ni Ni
0 1 2 3 4 5 5 6 7 8 9 9 9 9 10 10 10 14 9 13 11 11 11 10 17 12 12 12 13 14 15 16 11 12 13 16
9 13 11 11 11 10 17 12 12 12 13 14 15 16 11 12 13 16 0 1 2 3 4 5 5 6 7 8 9 9 9 9 10 10 10 14
-85.80427779999997
ni-49X2-a
H H H H H H H H H C C C C N O Ni Ni
0 1 2 3 4 5 6 7 8 9 9 9 9 10 10 11 14 9 13 10 10 11 11 12 12 12 13 14 15 16 11 13 12 16
9 13 10 10 11 11 12 12 12 13 14 15 16 11 13 12 16 0 1 2 3 4 5 6 7 8 9 9 9 9 10 10 11 14
-85.75893153999999
ni-49X3-a
H H H H H H H H H C C C C N O Ni Ni Ni
0 0 0 1 2 3 4 5 6 7 8 9 9 9 10 10 14 13 15 17 13 11 11 11 10 12 12 12 10 13 14 11 12 16
13 15 17 13 11 11 11 10 12 12 12 10 13 14 11 12 16 0 0 0 1 2 3 4 5 6 7 8 9 9 9 10 10 14
-86.24749904999999
ni-49X4-a
H H H H H H H H H C C C C N O Ni Ni Ni
0 0 1 2 3 4 5 6 7 8 9 9 9 10 11 14 14 13 17 13 10 10 11 11 12 12 12 10 13 14 11 12 15 16
13 17 13 10 10 11 11 12 12 12 10 13 14 11 12 15 16 0 0 1 2 3 4 5 6 7 8 9 9 9 10 11 14 14
-86.16680957
ni-49X5-a
H H H H H H H H H C C C C N O Ni Ni Ni Ni Ni Ni
0 0 1 1 2 3 4 5 5 6 7 8 8 9 9 9 9 9 10 10 11 11 13 14 14 9 15 10 16 10 10 11 11 18 12 12 12 20 13 14 15 17 19 13 19 12 13 19 15 17
9 15 10 16 10 10 11 11 18 12 12 12 20 13 14 15 17 19 13 19 12 13 19 15 17 0 0 1 1 2 3 4 5 5 6 7 8 8 9 9 9 9 9 10 10 11 11 13 14 14
-85.49352807999998
ni-49X6-a
H H H H H H H H H C C C C N O Ni Ni Ni Ni Ni
0 1 2 3 3 4 5 6 7 8 8 9 9 9 9 9 9 9 10 10 11 13 13 13 14 14 14 11 11 11 13 18 10 10 12 12 12 19 11 13 14 15 16 17 18 12 13 15 15 17 18 15 16 17
11 11 11 13 18 10 10 12 12 12 19 11 13 14 15 16 17 18 12 13 15 15 17 18 15 16 17 0 1 2 3 3 4 5 6 7 8 8 9 9 9 9 9 9 9 10 10 11 13 13 13 14 14 14
-86.04935086
ni-49X7-a
H H H H H H H H H C C C C N O Ni Ni Ni
0 0 1 2 2 3 4 5 5 6 7 8 9 9 9 9 10 10 11 13 13 16 10 10 15 10 11 11 17 12 12 12 11 13 14 16 13 16 12 16
13 16 10 10 15 10 11 11 17 12 12 12 11 13 14 16 13 16 12 16 0 0 1 2 2 3 4 5 5 6 7 8 9 9 9 9 10 10 11 13
-85.76246884
ni-49X8-a
H H H H H H H H H C C C C N O Ni
0 1 2 3 4 5 6 7 8 9 9 9 9 10 11 14 10 10 10 11 11 11 12 12 12 12 13 14 15 13 13 15
10 10 10 11 11 11 12 12 12 12 13 14 15 13 13 15 0 1 2 3 4 5 6 7 8 9 9 9 9 10 11 14
-85.62594938000001
os-13X1-a
H H H C N O Os Os
0 0 1 2 3 3 3 5 3 7 4 4 4 5 6 6
3 7 4 4 4 5 6 6 0 0 1 2 3 3 3 5
-36.01236575000007
os-25X1-a
H H H H H C C N O Os Os Os Os
0 0 1 1 1 2 3 4 5 5 5 5 6 7 5 12 7 9 11 6 6 6 7 8 10 11 7 11
5 12 7 9 11 6 6 6 7 8 10 11 7 11 0 0 1 1 1 2 3 4 5 5 5 5 6 7
-52.39127664
os-25X2-a
H H H H H C C N O Os Os Os
0 0 0 1 2 3 4 5 5 5 8 7 9 11 7 6 6 6 6 7 8 10
7 9 11 7 6 6 6 6 7 8 10 0 0 0 1 2 3 4 5 5 5 8
-53.1504127500001
os-37X1-a
H H H H H H H C C C N O Os Os
0 0 1 2 3 4 5 6 7 7 7 7 8 8 11 7 13 10 8 8 9 9 9 10 11 12 13 9 10 12
7 13 10 8 8 9 9 9 10 11 12 13 9 10 12 0 0 1 2 3 4 5 6 7 7 7 7 8 8 11
-69.20621691000008
os-37X2-a
H H H H H H H C C C N O Os Os Os Os
0 0 0 1 2 3 4 5 6 7 7 7 8 11 11 10 12 13 10 8 8 9 9 9 8 10 11 9 14 15
10 12 13 10 8 8 9 9 9 8 10 11 9 14 15 0 0 0 1 2 3 4 5 6 7 7 7 8 11 11
-69.77307165000002
os-37X3-a
H H H H H H H C C C N O Os Os
0 0 1 2 3 4 5 6 7 7 7 7 8 9 11 7 12 8 8 8 9 9 9 10 11 12 13 10 10 13
7 12 8 8 8 9 9 9 10 11 12 13 10 10 13 0 0 1 2 3 4 5 6 7 7 7 7 8 9 11
-69.02329997000004
os-37X4-a
H H H H H H H C C C N O Os Os Os Os Os
0 1 2 2 3 3 4 4 5 6 6 7 7 7 7 7 8 9 10 11 9 9 9 12 8 14 8 16 8 10 15 9 10 11 13 15 10 12 15 13
9 9 9 12 8 14 8 16 8 10 15 9 10 11 13 15 10 12 15 13 0 1 2 2 3 3 4 4 5 6 6 7 7 7 7 7 8 9 10 11
-69.25484633000008
os-49X1-a
H H H H H H H H H C C C C N O Os Os Os
0 1 2 3 4 5 5 6 7 8 9 9 9 9 10 10 10 14 9 13 11 11 11 10 17 12 12 12 13 14 15 16 11 12 13 16
9 13 11 11 11 10 17 12 12 12 13 14 15 16 11 12 13 16 0 1 2 3 4 5 5 6 7 8 9 9 9 9 10 10 10 14
-85.96365471000001
os-49X2-a
H H H H H H H H H C C C C N O Os Os Os
0 1 2 3 3 4 5 6 7 8 9 9 9 9 10 10 11 14 9 13 10 10 16 11 11 12 12 12 13 14 15 17 11 13 12 17
9 13 10 10 16 11 11 12 12 12 13 14 15 17 11 13 12 17 0 1 2 3 3 4 5 6 7 8 9 9 9 9 10 10 11 14
-85.88474600000006
os-49X3-a
H H H H H H H H H C C C C N O Os Os Os Os
0 0 0 1 2 3 4 5 6 7 8 9 9 9 10 10 14 14 13 15 16 13 11 11 11 10 12 12 12 10 13 14 11 12 17 18
13 15 16 13 11 11 11 10 12 12 12 10 13 14 11 12 17 18 0 0 0 1 2 3 4 5 6 7 8 9 9 9 10 10 14 14
-86.46781954000005
os-49X4-a
H H H H H H H H H C C C C N O Os Os Os Os
0 0 0 1 2 3 3 4 5 6 7 8 9 9 9 10 11 13 14 13 17 18 13 10 10 16 11 11 12 12 12 10 13 14 11 12 17 15
13 17 18 13 10 10 16 11 11 12 12 12 10 13 14 11 12 17 15 0 0 0 1 2 3 3 4 5 6 7 8 9 9 9 10 11 13 14
-86.31609760000003
os-49X5-a
H H H H H H H H H C C C C N O Os Os Os Os Os Os
0 0 1 1 2 3 4 5 5 6 7 8 8 9 9 9 9 9 10 10 11 11 13 14 9 15 10 16 10 10 11 11 18 12 12 12 20 13 14 15 17 19 13 19 12 13 19 17
9 15 10 16 10 10 11 11 18 12 12 12 20 13 14 15 17 19 13 19 12 13 19 17 0 0 1 1 2 3 4 5 5 6 7 8 8 9 9 9 9 9 10 10 11 11 13 14
-85.79854
os-49X6-a
H H H H H H H H H C C C C N O Os Os Os Os Os Os Os
0 1 2 3 3 3 4 5 5 6 7 8 8 9 9 9 9 9 9 10 10 11 13 13 13 14 14 14 11 11 11 13 16 20 10 10 19 12 12 12 21 11 13 14 15 18 20 12 13 15 15 18 20 15 17 18
11 11 11 13 16 20 10 10 19 12 12 12 21 11 13 14 15 18 20 12 13 15 15 18 20 15 17 18 0 1 2 3 3 3 4 5 5 6 7 8 8 9 9 9 9 9 9 10 10 11 13 13 13 14 14 14
-86.5228729700001
os-49X7-a
H H H H H H H H H C C C C N O Os Os Os Os
0 0 1 2 2 3 4 5 5 6 7 8 9 9 9 9 9 10 11 13 14 13 17 10 10 15 10 11 11 18 12 12 12 11 13 14 16 17 13 12 17 16
13 17 10 10 15 10 11 11 18 12 12 12 11 13 14 16 17 13 12 17 16 0 0 1 2 2 3 4 5 5 6 7 8 9 9 9 9 9 10 11 13 14
-85.95338590000006
os-49X8-a
H H H H H H H H H C C C C N O Os Os Os
0 0 1 2 3 4 5 6 7 8 8 9 9 9 9 10 11 14 10 16 10 10 11 11 11 12 12 12 17 12 13 14 15 13 13 15
10 16 10 10 11 11 11 12 12 12 17 12 13 14 15 13 13 15 0 0 1 2 3 4 5 6 7 8 8 9 9 9 9 10 11 14
-85.74341547000006
pd-13X1-a
H H H C N O Pd Pd Pd
0 0 1 2 3 3 3 3 3 4 5 3 8 4 4 4 5 6 7 8 7 6
3 8 4 4 4 5 6 7 8 7 6 0 0 1 2 3 3 3 3 3 4 5
-35.81256548000002
pd-25X1-a
H H H H H C C N O Pd Pd Pd Pd Pd
0 0 1 1 1 2 3 3 4 5 5 5 5 6 6 7 5 9 7 10 13 6 6 11 6 7 8 12 13 7 13 13
5 9 7 10 13 6 6 11 6 7 8 12 13 7 13 13 0 0 1 1 1 2 3 3 4 5 5 5 5 6 6 7
-52.318652749999984
pd-25X2-a
H H H H H C C N O Pd Pd Pd
0 0 0 1 2 3 4 5 5 5 8 7 9 11 7 6 6 6 6 7 8 10
7 9 11 7 6 6 6 6 7 8 10 0 0 0 1 2 3 4 5 5 5 8
-52.909892740000004
pd-37X1-a
H H H H H H H C C C N O Pd Pd Pd Pd
0 0 1 2 3 3 4 5 6 6 7 7 7 7 8 8 11 7 15 10 8 8 14 9 9 9 12 10 11 13 15 9 10 13
7 15 10 8 8 14 9 9 9 12 10 11 13 15 9 10 13 0 0 1 2 3 3 4 5 6 6 7 7 7 7 8 8 11
-69.07825440000002
pd-37X2-a
H H H H H H H C C C N O Pd Pd Pd Pd
0 0 0 1 2 3 4 5 6 7 7 7 8 10 11 11 10 12 13 10 8 8 9 9 9 8 10 11 9 13 14 15
10 12 13 10 8 8 9 9 9 8 10 11 9 13 14 15 0 0 0 1 2 3 4 5 6 7 7 7 8 10 11 11
-69.51073764999998
pd-37X3-a
H H H H H H H C C C N O Pd Pd Pd
0 0 1 2 3 4 5 5 6 7 7 7 7 8 9 11 7 12 8 8 8 9 9 13 9 10 11 12 14 10 10 14
7 12 8 8 8 9 9 13 9 10 11 12 14 10 10 14 0 0 1 2 3 4 5 5 6 7 7 7 7 8 9 11
-68.87822785
pd-37X4-a
H H H H H H H C C C N O Pd Pd Pd Pd
0 0 1 2 2 3 3 4 4 5 6 6 7 7 7 7 8 8 9 10 9 15 9 9 15 8 13 8 12 8 10 14 9 10 11 14 10 14 15 14
9 15 9 9 15 8 13 8 12 8 10 14 9 10 11 14 10 14 15 14 0 0 1 2 2 3 3 4 4 5 6 6 7 7 7 7 8 8 9 10
-69.17959919
pd-49X1-a
H H H H H H H H H C C C C N O Pd Pd Pd
0 1 2 3 4 5 5 6 7 8 9 9 9 9 10 10 10 14 9 13 11 11 11 10 17 12 12 12 13 14 15 16 11 12 13 16
9 13 11 11 11 10 17 12 12 12 13 14 15 16 11 12 13 16 0 1 2 3 4 5 5 6 7 8 9 9 9 9 10 10 10 14
-85.82873242000002
pd-49X2-a
H H H H H H H H H C C C C N O Pd Pd Pd Pd Pd
0 0 1 2 3 3 4 4 5 6 6 7 8 9 9 9 9 10 10 11 14 9 16 13 10 10 18 11 17 11 12 19 12 12 13 14 15 16 11 13 12 15
9 16 13 10 10 18 11 17 11 12 19 12 12 13 14 15 16 11 13 12 15 0 0 1 2 3 3 4 4 5 6 6 7 8 9 9 9 9 10 10 11 14
-85.78802525
pd-49X3-a
H H H H H H H H H C C C C N O Pd Pd Pd
0 0 0 1 2 3 4 5 6 7 8 9 9 9 10 10 14 13 15 17 13 11 11 11 10 12 12 12 10 13 14 11 12 16
13 15 17 13 11 11 11 10 12 12 12 10 13 14 11 12 16 0 0 0 1 2 3 4 5 6 7 8 9 9 9 10 10 14
-86.22114890999998
pd-49X4-a
H H H H H H H H H C C C C N O Pd Pd Pd Pd Pd
0 0 0 1 2 3 3 4 4 5 6 7 8 9 9 9 9 10 11 13 14 14 13 15 19 13 10 10 18 11 16 11 12 12 12 10 13 14 17 11 12 19 16 17
13 15 19 13 10 10 18 11 16 11 12 12 12 10 13 14 17 11 12 19 16 17 0 0 0 1 2 3 3 4 4 5 6 7 8 9 9 9 9 10 11 13 14 14
-86.15684252000003
pd-49X5-a
H H H H H H H H H C C C C N O Pd Pd Pd Pd
0 0 1 2 3 4 5 6 7 8 8 9 9 9 9 10 11 11 14 9 18 10 10 10 11 11 12 12 12 15 13 14 16 17 13 12 13 16
9 18 10 10 10 11 11 12 12 12 15 13 14 16 17 13 12 13 16 0 0 1 2 3 4 5 6 7 8 8 9 9 9 9 10 11 11 14
-85.55450958000003
pd-49X6-a
H H H H H H H H H C C C C N O Pd Pd Pd Pd Pd Pd Pd
0 1 2 3 3 3 4 5 5 6 7 8 8 9 9 9 9 9 9 10 10 11 13 13 14 14 14 11 11 11 13 16 20 10 10 19 12 12 12 21 11 13 14 15 18 20 12 13 15 15 20 15 17 18
11 11 11 13 16 20 10 10 19 12 12 12 21 11 13 14 15 18 20 12 13 15 15 20 15 17 18 0 1 2 3 3 3 4 5 5 6 7 8 8 9 9 9 9 9 9 10 10 11 13 13 14 14 14
-85.94814283000002
pd-49X7-a
H H H H H H H H H C C C C N O Pd Pd Pd Pd Pd
0 0 1 1 2 2 3 4 5 5 6 7 8 8 8 9 9 9 9 10 10 11 13 13 18 10 17 10 19 10 11 11 15 12 12 12 15 16 11 13 14 18 13 18 12 18
13 18 10 17 10 19 10 11 11 15 12 12 12 15 16 11 13 14 18 13 18 12 18 0 0 1 1 2 2 3 4 5 5 6 7 8 8 8 9 9 9 9 10 10 11 13
-85.87345289999999
pd-49X8-a
H H H H H H H H H C C C C N O Pd Pd Pd Pd
0 1 1 1 2 3 4 5 6 7 8 8 9 9 9 9 10 11 12 14 10 10 15 17 10 11 11 11 12 12 12 18 12 13 14 16 13 13 18 16
10 10 15 17 10 11 11 11 12 12 12 18 12 13 14 16 13 13 18 16 0 1 1 1 2 3 4 5 6 7 8 8 9 9 9 9 10 11 12 14
-85.67075467999999
pt-13X1-a
H H H C N O Pt Pt
0 0 1 2 3 3 3 5 3 7 4 4 4 5 6 6
3 7 4 4 4 5 6 6 0 0 1 2 3 3 3 5
-35.77762690000003
pt-25X1-a
H H H H H C C N O Pt Pt Pt Pt
0 0 1 1 1 2 3 4 5 5 5 5 6 6 7 5 12 7 9 11 6 6 6 7 8 10 11 7 11 11
5 12 7 9 11 6 6 6 7 8 10 11 7 11 11 0 0 1 1 1 2 3 4 5 5 5 5 6 6 7
-52.29701234999999
pt-25X2-a
H H H H H C C N O Pt Pt Pt
0 0 0 1 2 3 4 5 5 5 8 7 9 11 7 6 6 6 6 7 8 10
7 9 11 7 6 6 6 6 7 8 10 0 0 0 1 2 3 4 5 5 5 8
-52.882045310000024
pt-37X1-a
H H H H H H H C C C N O Pt Pt
0 1 2 3 4 5 6 7 7 7 7 8 8 11 7 10 8 8 9 9 9 10 11 12 13 9 10 12
7 10 8 8 9 9 9 10 11 12 13 9 10 12 0 1 2 3 4 5 6 7 7 7 7 8 8 11
-69.00878058
pt-37X2-a
H H H H H H H C C C N O Pt Pt Pt
0 0 0 1 2 3 4 5 6 7 7 7 8 11 10 12 14 10 8 8 9 9 9 8 10 11 9 13
10 12 14 10 8 8 9 9 9 8 10 11 9 13 0 0 0 1 2 3 4 5 6 7 7 7 8 11
-69.50203584000002
pt-37X3-a
H H H H H H H C C C N O Pt Pt
0 0 1 2 3 4 5 6 7 7 7 7 8 9 11 7 12 8 8 8 9 9 9 10 11 12 13 10 10 13
7 12 8 8 8 9 9 9 10 11 12 13 10 10 13 0 0 1 2 3 4 5 6 7 7 7 7 8 9 11
-68.81550693000003
pt-37X4-a
H H H H H H H C C C N O Pt Pt Pt
0 1 2 3 4 4 5 6 6 7 7 7 7 8 8 9 10 9 9 9 8 8 12 8 10 13 9 10 11 13 10 13 14 13
9 9 9 8 8 12 8 10 13 9 10 11 13 10 13 14 13 0 1 2 3 4 4 5 6 6 7 7 7 7 8 8 9 10
-69.15077044999998
pt-49X1-a
H H H H H H H H H C C C C N O Pt Pt Pt
0 1 2 3 4 5 5 6 7 8 9 9 9 9 10 10 10 14 9 13 11 11 11 10 17 12 12 12 13 14 15 16 11 12 13 16
9 13 11 11 11 10 17 12 12 12 13 14 15 16 11 12 13 16 0 1 2 3 4 5 5 6 7 8 9 9 9 9 10 10 10 14
-85.75933020000002
pt-49X2-a
H H H H H H H H H C C C C N O Pt Pt
0 1 2 3 4 5 6 7 8 9 9 9 9 10 10 11 14 9 13 10 10 11 11 12 12 12 13 14 15 16 11 13 12 16
9 13 10 10 11 11 12 12 12 13 14 15 16 11 13 12 16 0 1 2 3 4 5 6 7 8 9 9 9 9 10 10 11 14
-85.71208604999998
pt-49X3-a
H H H H H H H H H C C C C N O Pt Pt Pt
0 0 0 1 2 3 4 5 6 7 8 9 9 9 10 10 14 13 15 17 13 11 11 11 10 12 12 12 10 13 14 11 12 16
13 15 17 13 11 11 11 10 12 12 12 10 13 14 11 12 16 0 0 0 1 2 3 4 5 6 7 8 9 9 9 10 10 14
-86.20384565
pt-49X4-a
H H H H H H H H H C C C C N O Pt Pt
0 0 1 2 3 4 5 6 7 8 9 9 9 9 10 11 13 14 13 16 13 10 10 11 11 12 12 12 10 13 14 15 11 12 16 15
13 16 13 10 10 11 11 12 12 12 10 13 14 15 11 12 16 15 0 0 1 2 3 4 5 6 7 8 9 9 9 9 10 11 13 14
-86.08794713000003
pt-49X5-a
H H H H H H H H H C C C C N O Pt Pt Pt Pt
0 0 1 2 3 4 5 6 7 8 8 9 9 9 9 10 11 11 14 9 18 10 10 10 11 11 12 12 12 15 13 14 16 17 13 12 13 16
9 18 10 10 10 11 11 12 12 12 15 13 14 16 17 13 12 13 16 0 0 1 2 3 4 5 6 7 8 8 9 9 9 9 10 11 11 14
-85.49898009999998
pt-49X6-a
H H H H H H H H H C C C C N O Pt Pt Pt Pt Pt Pt
0 1 2 3 3 3 4 5 6 7 8 8 9 9 9 9 9 9 10 10 11 13 13 14 14 14 11 11 11 13 16 19 10 10 12 12 12 20 11 13 14 15 18 19 12 13 15 15 19 15 17 18
11 11 11 13 16 19 10 10 12 12 12 20 11 13 14 15 18 19 12 13 15 15 19 15 17 18 0 1 2 3 3 3 4 5 6 7 8 8 9 9 9 9 9 9 10 10 11 13 13 14 14 14
-85.94984301
pt-49X7-a
H H H H H H H H H C C C C N O Pt Pt Pt
0 0 1 2 2 3 4 5 5 6 7 8 9 9 9 9 10 10 11 13 13 16 10 10 15 10 11 11 17 12 12 12 11 13 14 16 13 16 12 16
13 16 10 10 15 10 11 11 17 12 12 12 11 13 14 16 13 16 12 16 0 0 1 2 2 3 4 5 5 6 7 8 9 9 9 9 10 10 11 13
-85.84280603000002
pt-49X8-a
H H H H H H H H H C C C C N O Pt Pt
0 1 2 3 4 5 6 7 8 8 9 9 9 9 10 11 14 10 10 10 11 11 11 12 12 12 16 12 13 14 15 13 13 15
10 10 10 11 11 11 12 12 12 16 12 13 14 15 13 13 15 0 1 2 3 4 5 6 7 8 8 9 9 9 9 10 11 14
-85.58631165000003
rh-13X1-a
H H H C N O Rh Rh Rh
0 0 1 2 3 3 3 3 3 4 5 3 8 4 4 4 5 6 7 8 7 6
3 8 4 4 4 5 6 7 8 7 6 0 0 1 2 3 3 3 3 3 4 5
-35.82464386999999
rh-25X1-a
H H H H H C C N O Rh Rh Rh Rh Rh
0 0 1 1 1 2 3 3 4 5 5 5 5 6 7 5 9 7 10 13 6 6 11 6 7 8 12 13 7 13
5 9 7 10 13 6 6 11 6 7 8 12 13 7 13 0 0 1 1 1 2 3 3 4 5 5 5 5 6 7
-52.294861500000025
rh-25X2-a
H H H H H C C N O Rh Rh Rh Rh
0 0 0 1 2 3 4 5 5 5 8 8 7 9 10 7 6 6 6 6 7 8 11 12
7 9 10 7 6 6 6 6 7 8 11 12 0 0 0 1 2 3 4 5 5 5 8 8
-52.95408191000001
rh-37X1-a
H H H H H H H C C C N O Rh Rh
0 0 1 2 3 4 5 6 7 7 7 7 8 8 11 7 13 10 8 8 9 9 9 10 11 12 13 9 10 12
7 13 10 8 8 9 9 9 10 11 12 13 9 10 12 0 0 1 2 3 4 5 6 7 7 7 7 8 8 11
-69.05946853
rh-37X2-a
H H H H H H H C C C N O Rh Rh Rh Rh Rh
0 0 0 1 2 3 4 5 6 7 7 7 8 10 11 11 11 10 14 16 10 8 8 9 9 9 8 10 11 9 14 12 13 15
10 14 16 10 8 8 9 9 9 8 10 11 9 14 12 13 15 0 0 0 1 2 3 4 5 6 7 7 7 8 10 11 11 11
-69.54977467999998
rh-37X3-a
H H H H H H H C C C N O Rh Rh
0 0 1 2 3 4 5 6 7 7 7 7 8 9 11 7 12 8 8 8 9 9 9 10 11 12 13 10 10 13
7 12 8 8 8 9 9 9 10 11 12 13 10 10 13 0 0 1 2 3 4 5 6 7 7 7 7 8 9 11
-68.86918173999999
rh-37X4-a
H H H H H H H C C C N O Rh Rh Rh Rh
0 0 1 2 2 3 3 4 4 5 6 6 7 7 7 7 8 8 9 10 9 15 9 9 15 8 13 8 12 8 10 14 9 10 11 14 10 14 15 14
9 15 9 9 15 8 13 8 12 8 10 14 9 10 11 14 10 14 15 14 0 0 1 2 2 3 3 4 4 5 6 6 7 7 7 7 8 8 9 10
-69.14059350000002
rh-49X1-a
H H H H H H H H H C C C C N O Rh Rh Rh
0 1 2 3 4 5 5 6 7 8 9 9 9 9 10 10 10 14 9 13 11 11 11 10 17 12 12 12 13 14 15 16 11 12 13 16
9 13 11 11 11 10 17 12 12 12 13 14 15 16 11 12 13 16 0 1 2 3 4 5 5 6 7 8 9 9 9 9 10 10 10 14
-85.80836362000002
rh-49X2-a
H H H H H H H H H C C C C N O Rh Rh Rh
0 1 2 3 3 4 5 6 7 8 9 9 9 9 10 10 11 14 9 13 10 10 16 11 11 12 12 12 13 14 15 17 11 13 12 17
9 13 10 10 16 11 11 12 12 12 13 14 15 17 11 13 12 17 0 1 2 3 3 4 5 6 7 8 9 9 9 9 10 10 11 14
-85.75313557999999
rh-49X3-a
H H H H H H H H H C C C C N O Rh Rh Rh Rh
0 0 0 1 2 3 4 5 6 7 8 9 9 9 10 10 13 14 14 13 15 16 13 11 11 11 10 12 12 12 10 13 14 11 12 16 17 18
13 15 16 13 11 11 11 10 12 12 12 10 13 14 11 12 16 17 18 0 0 0 1 2 3 4 5 6 7 8 9 9 9 10 10 13 14 14
-86.26424696999999
rh-49X4-a
H H H H H H H H H C C C C N O Rh Rh Rh Rh Rh
0 0 0 1 2 3 3 4 4 5 6 7 8 9 9 9 10 11 13 14 14 14 13 15 19 13 10 10 18 11 16 11 12 12 12 10 13 14 11 12 19 16 17 18
13 15 19 13 10 10 18 11 16 11 12 12 12 10 13 14 11 12 19 16 17 18 0 0 0 1 2 3 3 4 4 5 6 7 8 9 9 9 10 11 13 14 14 14
-86.15252006999998
rh-49X5-a
H H H H H H H H H C C C C N O Rh Rh Rh Rh Rh Rh
0 0 0 1 1 2 3 4 5 5 6 7 8 8 9 9 9 9 9 10 10 11 11 13 14 14 9 15 19 10 16 10 10 11 11 18 12 12 12 20 13 14 15 17 19 13 19 12 13 19 17 19
9 15 19 10 16 10 10 11 11 18 12 12 12 20 13 14 15 17 19 13 19 12 13 19 17 19 0 0 0 1 1 2 3 4 5 5 6 7 8 8 9 9 9 9 9 10 10 11 11 13 14 14
-85.47944653000002
rh-49X6-a
H H H H H H H H H C C C C N O Rh Rh Rh Rh Rh Rh Rh
0 1 2 3 3 3 4 5 5 6 7 8 8 9 9 9 9 9 9 10 10 11 13 13 13 14 14 14 11 11 11 13 16 20 10 10 19 12 12 12 21 11 13 14 15 18 20 12 13 15 15 18 20 15 17 18
11 11 11 13 16 20 10 10 19 12 12 12 21 11 13 14 15 18 20 12 13 15 15 18 20 15 17 18 0 1 2 3 3 3 4 5 5 6 7 8 8 9 9 9 9 9 9 10 10 11 13 13 13 14 14 14
-86.1150103
rh-49X7-a
H H H H H H H H H C C C C N O Rh Rh Rh Rh Rh
0 0 1 1 2 2 3 4 5 5 6 7 8 8 9 9 9 9 10 10 11 13 13 18 10 17 10 19 10 11 11 15 12 12 12 16 11 13 14 18 13 18 12 18
13 18 10 17 10 19 10 11 11 15 12 12 12 16 11 13 14 18 13 18 12 18 0 0 1 1 2 2 3 4 5 5 6 7 8 8 9 9 9 9 10 10 11 13
-85.82257256000003
rh-49X8-a
H H H H H H H H H C C C C N O Rh Rh Rh Rh
0 1 1 1 2 3 4 5 6 7 8 8 9 9 9 9 10 11 12 14 10 10 15 17 10 11 11 11 12 12 12 18 12 13 14 16 13 13 18 16
10 10 15 17 10 11 11 11 12 12 12 18 12 13 14 16 13 13 18 16 0 1 1 1 2 3 4 5 6 7 8 8 9 9 9 9 10 11 12 14
-85.63203873000003
ru-13X1-a
H H H C N O Ru Ru Ru
0 0 1 2 3 3 3 3 3 4 5 3 8 4 4 4 5 6 7 8 7 6
3 8 4 4 4 5 6 7 8 7 6 0 0 1 2 3 3 3 3 3 4 5
-35.906275410000035
ru-25X1-a
H H H H H C C N O Ru Ru Ru Ru Ru
0 0 1 1 1 2 3 3 4 5 5 5 5 5 6 7 8 5 9 7 10 12 6 6 13 6 7 8 9 11 12 7 12 11
5 9 7 10 12 6 6 13 6 7 8 9 11 12 7 12 11 0 0 1 1 1 2 3 3 4 5 5 5 5 5 6 7 8
-52.28940370999999
ru-25X2-a
H H H H H C C N O Ru Ru Ru Ru
0 0 0 1 2 3 4 5 5 5 7 8 8 7 9 10 7 6 6 6 6 7 8 10 11 12
7 9 10 7 6 6 6 6 7 8 10 11 12 0 0 0 1 2 3 4 5 5 5 7 8 8
-53.02685971
ru-37X1-a
H H H H H H H C C C N O Ru Ru
0 0 1 2 3 4 5 6 7 7 7 7 8 8 11 7 13 10 8 8 9 9 9 10 11 12 13 9 10 12
7 13 10 8 8 9 9 9 10 11 12 13 9 10 12 0 0 1 2 3 4 5 6 7 7 7 7 8 8 11
-69.10949819000001
ru-37X2-a
H H H H H H H C C C N O Ru Ru Ru Ru Ru
0 0 0 1 2 3 4 5 6 7 7 7 8 10 11 11 11 10 14 16 10 8 8 9 9 9 8 10 11 9 14 12 13 15
10 14 16 10 8 8 9 9 9 8 10 11 9 14 12 13 15 0 0 0 1 2 3 4 5 6 7 7 7 8 10 11 11 11
-69.62159066999999
ru-37X3-a
H H H H H H H C C C N O Ru Ru
0 0 1 2 3 4 5 6 7 7 7 7 8 9 11 7 12 8 8 8 9 9 9 10 11 12 13 10 10 13
7 12 8 8 8 9 9 9 10 11 12 13 10 10 13 0 0 1 2 3 4 5 6 7 7 7 7 8 9 11
-68.92705646000002
ru-37X4-a
H H H H H H H C C C N O Ru Ru Ru Ru Ru
0 1 2 2 3 3 4 4 5 6 6 7 7 7 7 7 8 8 9 10 11 9 9 9 12 8 14 8 16 8 10 15 9 10 11 13 15 10 15 12 15 13
9 9 9 12 8 14 8 16 8 10 15 9 10 11 13 15 10 15 12 15 13 0 1 2 2 3 3 4 4 5 6 6 7 7 7 7 7 8 8 9 10 11
-69.10774387999999
ru-49X1-a
H H H H H H H H H C C C C N O Ru Ru Ru
0 1 2 3 4 5 5 6 7 8 9 9 9 9 10 10 10 14 9 13 11 11 11 10 17 12 12 12 13 14 15 16 11 12 13 16
9 13 11 11 11 10 17 12 12 12 13 14 15 16 11 12 13 16 0 1 2 3 4 5 5 6 7 8 9 9 9 9 10 10 10 14
-85.85970688000003
ru-49X2-a
H H H H H H H H H C C C C N O Ru Ru Ru
0 1 2 3 3 4 5 6 7 8 9 9 9 9 10 10 11 14 9 13 10 10 16 11 11 12 12 12 13 14 15 17 11 13 12 17
9 13 10 10 16 11 11 12 12 12 13 14 15 17 11 13 12 17 0 1 2 3 3 4 5 6 7 8 9 9 9 9 10 10 11 14
-85.78642811999998
ru-49X3-a
H H H H H H H H H C C C C N O Ru Ru Ru Ru
0 0 0 1 2 3 4 5 6 7 8 9 9 9 10 10 13 14 14 13 15 16 13 11 11 11 10 12 12 12 10 13 14 11 12 16 17 18
13 15 16 13 11 11 11 10 12 12 12 10 13 14 11 12 16 17 18 0 0 0 1 2 3 4 5 6 7 8 9 9 9 10 10 13 14 14
-86.32563614999998
ru-49X4-a
H H H H H H H H H C C C C N O Ru Ru Ru Ru Ru
0 0 0 1 2 3 3 4 5 6 7 8 9 9 9 10 11 13 14 14 14 13 15 19 13 10 10 18 11 11 12 12 12 10 13 14 11 12 19 16 17 18
13 15 19 13 10 10 18 11 11 12 12 12 10 13 14 11 12 19 16 17 18 0 0 0 1 2 3 3 4 5 6 7 8 9 9 9 10 11 13 14 14 14
-86.21296383999999
ru-49X5-a
H H H H H H H H H C C C C N O Ru Ru Ru Ru Ru Ru
0 0 1 1 2 3 4 5 5 6 7 8 8 9 9 9 9 9 10 10 11 11 13 14 14 14 9 15 10 16 10 10 11 11 18 12 12 12 20 13 14 15 17 19 13 19 12 13 19 15 17 19
9 15 10 16 10 10 11 11 18 12 12 12 20 13 14 15 17 19 13 19 12 13 19 15 17 19 0 0 1 1 2 3 4 5 5 6 7 8 8 9 9 9 9 9 10 10 11 11 13 14 14 14
-85.75696474
ru-49X6-a
H H H H H H H H H C C C C N O Ru Ru Ru Ru Ru Ru Ru
0 1 2 3 3 3 4 5 5 6 7 8 8 9 9 9 9 9 9 10 10 11 13 13 13 14 14 14 11 11 11 13 16 20 10 10 19 12 12 12 21 11 13 14 15 18 20 12 13 15 15 18 20 15 17 18
11 11 11 13 16 20 10 10 19 12 12 12 21 11 13 14 15 18 20 12 13 15 15 18 20 15 17 18 0 1 2 3 3 3 4 5 5 6 7 8 8 9 9 9 9 9 9 10 10 11 13 13 13 14 14 14
-86.22726913000002
ru-49X7-a
H H H H H H H H H C C C C N O Ru Ru Ru Ru Ru
0 0 1 1 2 2 3 4 5 5 6 7 8 9 9 9 9 9 10 10 11 13 14 13 18 10 17 10 19 10 11 11 15 12 12 12 11 13 14 16 18 13 18 12 18 16
13 18 10 17 10 19 10 11 11 15 12 12 12 11 13 14 16 18 13 18 12 18 16 0 0 1 1 2 2 3 4 5 5 6 7 8 9 9 9 9 9 10 10 11 13 14
-85.78484129000003
ru-49X8-a
H H H H H H H H H C C C C N O Ru Ru Ru
0 1 1 2 3 4 5 6 7 8 8 9 9 9 9 10 11 14 10 10 16 10 11 11 11 12 12 12 17 12 13 14 15 13 13 15
10 10 16 10 11 11 11 12 12 12 17 12 13 14 15 13 13 15 0 1 1 2 3 4 5 6 7 8 8 9 9 9 9 10 11 14
-85.66264802
zn-13X1-a
H H H C N O Zn
0 1 2 3 3 5 3 4 4 4 5 6
3 4 4 4 5 6 0 1 2 3 3 5
-35.558045469999996
zn-25X1-a
H H H H H C C N O Zn
0 1 2 3 4 5 5 6 8 5 7 6 6 6 7 8 7 9
5 7 6 6 6 7 8 7 9 0 1 2 3 4 5 5 6 8
-52.01998680999999
zn-25X2-a
H H H H H C C N O Zn
0 1 2 3 4 5 5 5 8 7 7 6 6 6 6 7 8 9
7 7 6 6 6 6 7 8 9 0 1 2 3 4 5 5 5 8
-52.56926102
zn-37X1-a
H H H H H H H C C C N O Zn
0 1 2 3 4 5 6 7 7 8 8 11 7 10 8 8 9 9 9 10 11 9 10 12
7 10 8 8 9 9 9 10 11 9 10 12 0 1 2 3 4 5 6 7 7 8 8 11
-68.73262978999999
zn-37X2-a
H H H H H H H C C C N O Zn
0 1 2 3 4 5 6 7 7 7 8 11 10 10 8 8 9 9 9 8 10 11 9 12
10 10 8 8 9 9 9 8 10 11 9 12 0 1 2 3 4 5 6 7 7 7 8 11
-69.16710218
zn-37X3-a
H H H H H H H C C C N O Zn
0 1 2 3 4 5 6 7 7 7 8 9 11 7 8 8 8 9 9 9 10 11 12 10 10 12
7 8 8 8 9 9 9 10 11 12 10 10 12 0 1 2 3 4 5 6 7 7 7 8 9 11
-68.52291509
zn-37X4-a
H H H H H H H C C C N O Zn
0 1 2 3 4 5 6 7 7 7 8 11 9 9 9 8 8 8 10 9 10 11 10 12
9 9 9 8 8 8 10 9 10 11 10 12 0 1 2 3 4 5 6 7 7 7 8 11
-68.92362016
zn-49X1-a
H H H H H H H H H C C C C N O Zn
0 1 2 3 4 5 6 7 8 9 9 10 10 10 14 9 13 11 11 11 10 12 12 12 13 14 11 12 13 15
9 13 11 11 11 10 12 12 12 13 14 11 12 13 15 0 1 2 3 4 5 6 7 8 9 9 10 10 10 14
-85.46593565
zn-49X2-a
H H H H H H H H H C C C C N O Zn
0 1 2 3 4 5 6 7 8 9 9 10 10 11 14 9 13 10 10 11 11 12 12 12 13 14 11 13 12 15
9 13 10 10 11 11 12 12 12 13 14 11 13 12 15 0 1 2 3 4 5 6 7 8 9 9 10 10 11 14
-85.40542134999998
zn-49X3-a
H H H H H H H H H C C C C N O Zn
0 1 2 3 4 5 6 7 8 9 9 9 10 10 14 13 13 11 11 11 10 12 12 12 10 13 14 11 12 15
13 13 11 11 11 10 12 12 12 10 13 14 11 12 15 0 1 2 3 4 5 6 7 8 9 9 9 10 10 14
-85.85211322
zn-49X4-a
H H H H H H H H H C C C C N O Zn
0 1 2 3 4 5 6 7 8 9 9 9 10 11 14 13 13 10 10 11 11 12 12 12 10 13 14 11 12 15
13 13 10 10 11 11 12 12 12 10 13 14 11 12 15 0 1 2 3 4 5 6 7 8 9 9 9 10 11 14
-85.81550676
zn-49X5-a
H H H H H H H H H C C C C N O Zn
0 1 2 3 4 5 6 7 8 9 9 9 10 11 11 14 9 10 10 10 11 11 12 12 12 13 14 15 13 12 13 15
9 10 10 10 11 11 12 12 12 13 14 15 13 12 13 15 0 1 2 3 4 5 6 7 8 9 9 9 10 11 11 14
-85.20439528
zn-49X6-a
H H H H H H H H H C C C C N O Zn
0 1 2 3 4 5 6 7 8 9 9 9 10 10 14 11 11 11 13 10 10 12 12 12 11 13 14 12 13 15
11 11 11 13 10 10 12 12 12 11 13 14 12 13 15 0 1 2 3 4 5 6 7 8 9 9 9 10 10 14
-85.64743919
zn-49X7-a
H H H H H H H H H C C C C N O Zn
0 1 2 3 4 5 6 7 8 9 9 9 10 11 14 13 10 10 10 11 11 12 12 12 11 13 14 13 12 15
13 10 10 10 11 11 12 12 12 11 13 14 13 12 15 0 1 2 3 4 5 6 7 8 9 9 9 10 11 14
-85.57698381
zn-49X8-a
H H H H H H H H H C C C C N O Zn
0 1 2 3 4 5 6 7 8 9 9 9 10 11 14 10 10 10 11 11 11 12 12 12 12 13 14 13 13 15
10 10 10 11 11 11 12 12 12 12 13 14 13 13 15 0 1 2 3 4 5 6 7 8 9 9 9 10 11 14
-85.31719641999999
