13Y1
H H H C N O
0 1 2 3 4 3 3 5 4 5
3 3 5 4 5 0 1 2 3 4
-33.13580814
25Y1
H H H H H C C N O
0 1 2 3 4 5 5 7 8 5 6 6 6 6 7 8
8 5 6 6 6 6 7 8 0 1 2 3 4 5 5 7
-49.95497252
25Y2
H H H H H C C N O
0 1 2 3 4 5 5 7 8 5 6 6 6 6 7 8
8 5 6 6 6 6 7 8 0 1 2 3 4 5 5 7
-49.94694248
37Y1
H H H H H H H C C C N O
0 1 2 3 4 5 6 7 7 8 10 11 7 8 8 9 9 9 8 10 9 11
11 7 8 8 9 9 9 8 10 9 11 0 1 2 3 4 5 6 7 7 8 10
-66.52941973
37Y2
H H H H H H H C C C N O
0 1 2 3 4 5 6 7 7 8 10 11 7 8 8 9 9 9 8 10 9 11
11 7 8 8 9 9 9 8 10 9 11 0 1 2 3 4 5 6 7 7 8 10
-66.38248887
37Y3
H H H H H H H C C C N O
0 1 2 3 4 5 6 7 7 7 10 11 8 8 8 9 9 9 8 9 10 11
11 8 8 8 9 9 9 8 9 10 11 0 1 2 3 4 5 6 7 7 7 10
-66.76108706
49Y1
H H H H H H H H H C C C C N O
0 1 2 3 4 5 6 7 8 9 9 10 11 13 14 9 10 10 11 11 12 12 12 10 13 11 12 14
14 9 10 10 11 11 12 12 12 10 13 11 12 14 0 1 2 3 4 5 6 7 8 9 9 10 11 13
-83.13066499
49Y2
H H H H H H H H H C C C C N O
0 1 2 3 4 5 6 7 8 9 9 10 11 13 14 9 10 10 11 11 12 12 12 10 13 11 12 14
14 9 10 10 11 11 12 12 12 10 13 11 12 14 0 1 2 3 4 5 6 7 8 9 9 10 11 13
-82.99684645
49Y3
H H H H H H H H H C C C C N O
0 1 2 3 4 5 6 7 8 9 9 10 10 13 14 9 11 11 11 10 12 12 12 10 13 11 12 14
14 9 11 11 11 10 12 12 12 10 13 11 12 14 0 1 2 3 4 5 6 7 8 9 9 10 10 13
-83.17086882
49Y4
H H H H H H H H H C C C C N O
0 1 2 3 4 5 6 7 8 9 9 10 10 13 14 9 11 11 11 10 12 12 12 10 13 11 12 14
14 9 11 11 11 10 12 12 12 10 13 11 12 14 0 1 2 3 4 5 6 7 8 9 9 10 10 13
-83.17201205
49Y5
H H H H H H H H H C C C C N O
0 1 2 3 4 5 6 7 8 9 9 9 11 13 14 10 10 10 11 11 12 12 12 10 11 13 12 14
14 10 10 10 11 11 12 12 12 10 11 13 12 14 0 1 2 3 4 5 6 7 8 9 9 9 11 13
-83.32928722
49Y6
H H H H H H H H H C C C C N O
0 1 2 3 4 5 6 7 8 9 9 9 10 13 14 11 11 11 10 10 12 12 12 10 11 13 12 14
14 11 11 11 10 10 12 12 12 10 11 13 12 14 0 1 2 3 4 5 6 7 8 9 9 9 10 13
-83.34490094
