1221
H H C O O
0 1 2 2 2 4 3 4
2 4 3 4 0 1 2 2
-29.73755935
1231
H H C O O O
0 1 2 2 2 4 5 3 4 5
4 5 3 4 5 0 1 2 2 2
-37.08540447
2421
H H H H C C O O
0 1 2 3 4 4 4 5 5 5 7 5 6 7
5 5 5 7 5 6 7 0 1 2 3 4 4 4
-46.59744285
2422
H H H H C C O O
0 1 2 3 4 4 5 4 5 5 5 6 7 7
4 5 5 5 6 7 7 0 1 2 3 4 4 5
-46.08698547
2431
H H H H C C O O O
0 1 2 3 4 4 4 5 7 5 5 5 6 7 8 8
7 5 5 5 6 7 8 8 0 1 2 3 4 4 4 5
-53.26551406
3621
H H H H H H C C C O O
0 1 2 3 4 5 6 7 8 8 6 6 6 7 7 10 7 8 9 10
6 6 6 7 7 10 7 8 9 10 0 1 2 3 4 5 6 7 8 8
-63.21604241
3622
H H H H H H C C C O O
0 1 2 3 4 5 6 6 7 7 6 7 7 8 8 8 9 10 8 10
6 7 7 8 8 8 9 10 8 10 0 1 2 3 4 5 6 6 7 7
-62.80445186
3623
H H H H H H C C C O O
0 1 2 3 4 5 6 6 6 8 7 7 7 8 8 8 7 9 10 10
7 7 7 8 8 8 7 9 10 10 0 1 2 3 4 5 6 6 6 8
-62.96965736
3631
H H H H H H C C C O O O
0 1 2 3 4 5 6 6 6 7 7 11 7 7 8 8 8 9 10 11 8 10
11 7 7 8 8 8 9 10 11 8 10 0 1 2 3 4 5 6 6 6 7 7
-70.04245097
3632
H H H H H H C C C O O O
0 1 2 3 4 5 6 6 6 7 8 7 7 7 8 8 8 9 10 11 10 11
7 7 7 8 8 8 9 10 11 10 11 0 1 2 3 4 5 6 6 6 7 8
-69.47198845
4821
H H H H H H H H C C C C O O
0 1 2 3 4 5 6 7 8 9 10 11 11 8 8 8 9 9 10 10 13 9 10 11 12 13
8 8 8 9 9 10 10 13 9 10 11 12 13 0 1 2 3 4 5 6 7 8 9 10 11 11
-79.81797513
4822
H H H H H H H H C C C C O O
0 1 2 3 4 5 6 7 8 9 9 10 10 8 8 8 9 11 11 11 13 9 10 11 12 13
8 8 8 9 11 11 11 13 9 10 11 12 13 0 1 2 3 4 5 6 7 8 9 9 10 10
-79.83383076
4823
H H H H H H H H C C C C O O
0 1 2 3 4 5 6 7 8 8 9 9 10 8 9 9 10 10 11 11 11 12 13 10 13 11
8 9 9 10 10 11 11 11 12 13 10 13 11 0 1 2 3 4 5 6 7 8 8 9 9 10
-79.3994218
4824
H H H H H H H H C C C C O O
0 1 2 3 4 5 6 7 8 8 9 9 9 8 10 10 10 9 11 11 11 12 13 10 11 13
8 10 10 10 9 11 11 11 12 13 10 11 13 0 1 2 3 4 5 6 7 8 8 9 9 9
-79.5526567
4825
H H H H H H H H C C C C O O
0 1 2 3 4 5 6 7 8 9 9 10 10 8 8 8 10 10 11 11 11 9 12 13 11 13
8 8 8 10 10 11 11 11 9 12 13 11 13 0 1 2 3 4 5 6 7 8 9 9 10 10
-79.68363659
4826
H H H H H H H H C C C C O O
0 1 2 3 4 5 6 7 8 9 10 10 11 8 8 8 9 9 11 11 11 9 10 12 13 13
8 8 8 9 9 11 11 11 9 10 12 13 13 0 1 2 3 4 5 6 7 8 9 10 10 11
-79.56987925
4831
H H H H H H H H C C C C O O O
0 1 2 3 4 5 6 7 8 8 8 9 9 10 14 9 9 10 10 11 11 11 12 13 14 10 13 11
14 9 9 10 10 11 11 11 12 13 14 10 13 11 0 1 2 3 4 5 6 7 8 8 8 9 9 10
-86.63647311
4832
H H H H H H H H C C C C O O O
0 1 2 3 4 5 6 7 8 8 8 9 9 9 13 10 10 10 9 11 11 11 12 13 14 10 11 14
13 10 10 10 9 11 11 11 12 13 14 10 11 14 0 1 2 3 4 5 6 7 8 8 8 9 9 9
-86.75339357
4833
H H H H H H H H C C C C O O O
0 1 2 3 4 5 6 7 8 8 8 9 10 10 9 9 9 10 10 11 11 11 12 13 14 13 11 14
9 9 9 10 10 11 11 11 12 13 14 13 11 14 0 1 2 3 4 5 6 7 8 8 8 9 10 10
-86.19637059
