382101
372101
372102
372103
362101
362102
362103
362104
362105
362106
362107
362108
352101
352102
352103
352104
352105
352106
352107
352108
352109
35210a
35210b
35210c
342101
342102
342103
342104
342105
342106
342107
342108
342109
34210a
34210b
34210c
34210d
34210e
34210f
332101
332102
332103
332104
332105
332106
332107
332108
332109
33210a
33210b
33210c
322101
322102
322103
322104
322105
322106
322107
322108
312101
312102
312103
302101
000000
010101
382201
372201
372202
372203
372204
372205
362201
362202
362203
362204
362205
362206
362207
362208
362209
36220a
36220b
36220c
352201
352202
352203
352204
352205
352206
352207
352208
352209
35220a
35220b
35220c
35220d
35220e
35220f
352210
352211
352212
352213
342201
342202
342203
342204
342205
342206
342207
342208
342209
34220a
34220b
34220c
34220d
34220e
34220f
342210
342211
342212
342213
342214
342215
342216
332201
332202
332203
332204
332205
332206
332207
332208
332209
33220a
33220b
33220c
33220d
33220e
33220f
332210
332211
332212
332213
322201
322202
322203
322204
322205
322206
322207
322208
322209
32220a
32220b
32220c
312201
312202
312203
312204
312205
302201
381101
371101
371102
371103
371104
361101
361102
361103
361104
361105
361106
361107
361108
361109
351101
351102
351103
351104
351105
351106
351107
351108
351109
35110a
35110b
35110c
35110d
35110e
341101
341102
341103
341104
341105
341106
341107
341108
341109
34110a
34110b
34110c
34110d
34110e
34110f
341110
331101
331102
331103
331104
331105
331106
331107
331108
331109
33110a
33110b
33110c
33110d
33110e
321101
321102
321103
321104
321105
321106
321107
321108
321109
311101
311102
311103
311104
301101
381201
371201
371202
371203
361201
361202
361203
361204
361205
351201
351202
351203
351204
351205
351206
351207
341201
341202
341203
341204
341205
341206
341207
341208
331201
331202
331203
331204
331205
331206
331207
321201
321202
321203
321204
321205
311201
311202
311203
301201
021101
011101
001101
262101
252101
252102
242101
242102
242103
242104
242105
232101
232102
232103
232104
232105
222101
222102
222103
222104
222105
212101
212102
202101
141101
131101
131102
121101
121102
111101
111102
101101
261101
251101
251102
251103
241101
241102
241103
241104
241105
231101
231102
231103
231104
231105
231106
221101
221102
221103
221104
221105
211101
211102
211103
201101
260101
250101
240101
240102
230101
230102
220101
220102
210101
200101
140101
130101
120101
110101
100101
383101
373101
373102
373103
373104
363101
363102
363103
363104
363105
363106
363107
363108
363109
36310a
353101
353102
353103
353104
353105
353106
353107
353108
353109
35310a
35310b
35310c
35310d
35310e
35310f
353110
353111
343101
343102
343103
343104
343105
343106
343107
343108
343109
34310a
34310b
34310c
34310d
34310e
34310f
343110
343111
343112
343113
343114
333101
333102
333103
333104
333105
333106
333107
333108
333109
33310a
33310b
33310c
33310d
33310e
33310f
333110
333111
323101
323102
323103
323104
323105
323106
323107
323108
323109
32310a
313101
313102
313103
313104
303101
142101
132101
132102
122101
122102
122103
112101
112102
102101
360102
350101
350102
350103
340101
340102
340103
340104
350104
340105
350105
340106
330101
330102
330103
330104
330105
320101
320102
320103
320104
310101
310102
300101
