13_1
H H H C N O O
0 1 2 3 3 3 4 4 6 4 5 6
4 4 6 4 5 6 0 1 2 3 3 3
-42.38057294
25_1
H H H H H C C N O O
0 1 2 3 4 5 5 5 6 9 7 6 6 6 7 8 9 7
9 7 6 6 6 7 8 9 7 0 1 2 3 4 5 5 5 6
-58.74020765
25_2
H H H H H C C N O O
0 1 2 3 4 5 5 5 6 7 7 6 6 6 7 8 9 9
7 7 6 6 6 7 8 9 9 0 1 2 3 4 5 5 5 6
-58.80401685
37_1
H H H H H H H C C C N O O
0 1 2 3 4 5 6 7 7 7 8 8 12 10 8 8 9 9 9 10 11 12 9 10
12 10 8 8 9 9 9 10 11 12 9 10 0 1 2 3 4 5 6 7 7 7 8 8
-75.40830914
37_2
H H H H H H H C C C N O O
0 1 2 3 4 5 6 7 7 7 8 8 10 10 8 8 9 9 9 10 11 12 9 12
10 10 8 8 9 9 9 10 11 12 9 12 0 1 2 3 4 5 6 7 7 7 8 8
-75.51806628
37_3
H H H H H H H C C C N O O
0 1 2 3 4 5 6 7 7 7 8 9 12 8 8 8 9 9 9 10 11 12 10 10
12 8 8 8 9 9 9 10 11 12 10 10 0 1 2 3 4 5 6 7 7 7 8 9
-75.09357957
37_4
H H H H H H H C C C N O O
0 1 2 3 4 5 6 7 7 7 8 9 9 9 9 10 8 8 8 10 11 12 10 12
9 9 9 10 8 8 8 10 11 12 10 12 0 1 2 3 4 5 6 7 7 7 8 9
-75.1669493
49_1
H H H H H H H H H C C C C N O O
0 1 2 3 4 5 6 7 8 9 9 9 10 10 10 15 13 11 11 11 10 12 12 12 13 14 15 11 12 13
15 13 11 11 11 10 12 12 12 13 14 15 11 12 13 0 1 2 3 4 5 6 7 8 9 9 9 10 10 10
-92.13741784
49_2
H H H H H H H H H C C C C N O O
0 1 2 3 4 5 6 7 8 9 9 9 10 10 11 15 13 10 10 11 11 12 12 12 13 14 15 11 13 12
15 13 10 10 11 11 12 12 12 13 14 15 11 13 12 0 1 2 3 4 5 6 7 8 9 9 9 10 10 11
-92.01138706
49_3
H H H H H H H H H C C C C N O O
0 1 2 3 4 5 6 7 8 9 9 9 10 10 10 13 13 11 11 11 10 12 12 12 13 14 15 11 12 15
13 13 11 11 11 10 12 12 12 13 14 15 11 12 15 0 1 2 3 4 5 6 7 8 9 9 9 10 10 10
-92.27569912
49_4
H H H H H H H H H C C C C N O O
0 1 2 3 4 5 6 7 8 9 9 9 10 10 11 13 13 10 10 11 11 12 12 12 13 14 15 11 15 12
13 13 10 10 11 11 12 12 12 13 14 15 11 15 12 0 1 2 3 4 5 6 7 8 9 9 9 10 10 11
-92.11251617
49_5
H H H H H H H H H C C C C N O O
0 1 2 3 4 5 6 7 8 9 9 9 10 10 11 15 11 11 11 10 10 12 12 12 13 14 15 12 13 13
15 11 11 11 10 10 12 12 12 13 14 15 12 13 13 0 1 2 3 4 5 6 7 8 9 9 9 10 10 11
-91.78143384
49_6
H H H H H H H H H C C C C N O O
0 1 2 3 4 5 6 7 8 9 9 9 10 10 11 11 11 11 13 10 10 12 12 12 13 14 15 12 13 15
11 11 11 13 10 10 12 12 12 13 14 15 12 13 15 0 1 2 3 4 5 6 7 8 9 9 9 10 10 11
-91.82062804
49_7
H H H H H H H H H C C C C N O O
0 1 2 3 4 5 6 7 8 9 9 9 10 11 11 13 10 10 10 11 11 12 12 12 13 14 15 13 12 15
13 10 10 10 11 11 12 12 12 13 14 15 13 12 15 0 1 2 3 4 5 6 7 8 9 9 9 10 11 11
-91.88070494
49_8
H H H H H H H H H C C C C N O O
0 1 2 3 4 5 6 7 8 9 9 9 10 11 12 10 10 10 11 11 11 12 12 12 13 14 15 13 13 15
10 10 10 11 11 11 12 12 12 13 14 15 13 13 15 0 1 2 3 4 5 6 7 8 9 9 9 10 11 12
-91.51000813
