ag-8611-a
H H H H H H C C C C C C C C O Ag Ag Ag Ag
0 1 2 3 4 5 6 6 6 7 7 8 8 9 9 10 10 10 12 13 13 12 13 8 11 6 7 7 11 16 8 18 9 18 10 12 11 14 17 13 14 15
12 13 8 11 6 7 7 11 16 8 18 9 18 10 12 11 14 17 13 14 15 0 1 2 3 4 5 6 6 6 7 7 8 8 9 9 10 10 10 12 13 13
-100.99564004000001
ag-8612-a
H H H H H H C C C C C C C C O Ag Ag Ag Ag Ag
0 1 2 3 4 5 6 6 6 7 7 8 8 9 9 9 10 10 10 11 12 12 13 13 12 13 7 8 6 11 7 11 18 8 17 9 15 10 12 15 11 13 19 18 14 16 14 19
12 13 7 8 6 11 7 11 18 8 17 9 15 10 12 15 11 13 19 18 14 16 14 19 0 1 2 3 4 5 6 6 6 7 7 8 8 9 9 9 10 10 10 11 12 12 13 13
-100.49252328
ag-86S1-a
H H H H H H C C C C C C C C S Ag Ag Ag Ag Ag Ag
0 1 2 3 4 5 6 6 6 7 7 8 8 9 9 9 10 10 10 11 12 13 13 14 12 13 8 11 6 7 7 11 15 8 15 9 16 10 12 19 11 14 19 17 13 14 20 18
12 13 8 11 6 7 7 11 15 8 15 9 16 10 12 19 11 14 19 17 13 14 20 18 0 1 2 3 4 5 6 6 6 7 7 8 8 9 9 9 10 10 10 11 12 13 13 14
-98.75030469000001
ag-86S2-a
H H H H H H C C C C C C C C S Ag Ag Ag Ag Ag
0 1 2 3 4 5 6 6 6 7 7 8 8 9 9 9 10 10 10 11 12 13 14 13 12 6 11 7 8 7 11 15 8 15 9 16 10 13 18 11 12 18 17 14 14 19
13 12 6 11 7 8 7 11 15 8 15 9 16 10 13 18 11 12 18 17 14 14 19 0 1 2 3 4 5 6 6 6 7 7 8 8 9 9 9 10 10 10 11 12 13 14
-98.39503988999999
ag-87N1-a
H H H H H H H C C C C C C C C N Ag Ag Ag Ag Ag
0 1 2 3 4 5 6 7 7 7 8 8 9 9 10 10 10 11 11 11 12 13 14 14 15 13 14 9 7 8 12 8 12 16 9 16 10 17 11 13 19 12 15 19 18 14 15 20
15 13 14 9 7 8 12 8 12 16 9 16 10 17 11 13 19 12 15 19 18 14 15 20 0 1 2 3 4 5 6 7 7 7 8 8 9 9 10 10 10 11 11 11 12 13 14 14
-106.93134566
ag-87N2-a
H H H H H H H C C C C C C C C N Ag Ag Ag Ag
0 1 2 3 4 5 6 7 7 7 8 8 9 9 10 10 11 11 11 12 12 13 14 15 14 13 7 10 8 9 8 10 19 9 19 12 16 11 17 12 13 18 14 18 15 15
15 14 13 7 10 8 9 8 10 19 9 19 12 16 11 17 12 13 18 14 18 15 15 0 1 2 3 4 5 6 7 7 7 8 8 9 9 10 10 11 11 11 12 12 13 14
-106.61071573000001
ag-97N1-a
N H H H H H H H C C C C C C C C C Ag Ag Ag Ag Ag
0 0 0 1 2 3 4 5 6 7 8 8 8 9 9 10 10 11 11 12 13 13 14 15 15 16 11 16 19 8 9 12 10 16 14 15 9 12 17 10 17 11 18 13 20 13 14 20 15 16 21 21
11 16 19 8 9 12 10 16 14 15 9 12 17 10 17 11 18 13 20 13 14 20 15 16 21 21 0 0 0 1 2 3 4 5 6 7 8 8 8 9 9 10 10 11 11 12 13 13 14 15 15 16
-115.69671647000001
ag-97N2-a
N H H H H H H H C C C C C C C C C Ag Ag Ag Ag Ag
0 0 0 1 2 3 4 5 6 7 8 8 9 9 10 11 11 11 12 12 13 14 15 15 16 14 16 21 14 15 16 10 13 8 9 9 13 10 17 11 12 14 20 13 15 18 20 16 19 19
14 16 21 14 15 16 10 13 8 9 9 13 10 17 11 12 14 20 13 15 18 20 16 19 19 0 0 0 1 2 3 4 5 6 7 8 8 9 9 10 11 11 11 12 12 13 14 15 15 16
-115.67855918000001
ag-9801-a
C H H H H H H H H C C C C C C C C Ag Ag Ag Ag Ag
0 0 0 1 2 2 3 5 6 7 8 9 9 9 10 10 11 11 12 12 12 13 13 13 16 4 15 16 15 15 20 16 10 11 9 14 10 14 17 11 17 12 18 13 16 21 14 15 21 19
4 15 16 15 15 20 16 10 11 9 14 10 14 17 11 17 12 18 13 16 21 14 15 21 19 0 0 0 1 2 2 3 5 6 7 8 9 9 9 10 10 11 11 12 12 12 13 13 13 16
-110.96874143
ag-9802-a
C H H H H H H H H C C C C C C C C Ag Ag Ag Ag Ag Ag
0 0 0 0 0 0 1 3 4 5 6 7 7 8 8 9 9 9 10 10 10 11 11 12 12 12 12 12 13 13 13 13 13 14 15 16 1 2 15 16 20 22 18 10 11 9 14 15 20 16 22 10 14 19 11 17 21 12 21 13 16 20 21 22 14 15 19 20 21 19 20 22
1 2 15 16 20 22 18 10 11 9 14 15 20 16 22 10 14 19 11 17 21 12 21 13 16 20 21 22 14 15 19 20 21 19 20 22 0 0 0 0 0 0 1 3 4 5 6 7 7 8 8 9 9 9 10 10 10 11 11 12 12 12 12 12 13 13 13 13 13 14 15 16
-110.17083602
ag-a801-a
C C H H H H H H H H C C C C C C C C Ag Ag Ag Ag Ag
0 0 0 0 1 1 2 3 4 5 6 7 10 10 10 11 11 12 13 13 14 14 14 15 16 16 17 1 8 17 22 9 13 10 11 12 15 16 17 11 15 18 12 18 13 14 21 15 16 21 19 17 20 22
1 8 17 22 9 13 10 11 12 15 16 17 11 15 18 12 18 13 14 21 15 16 21 19 17 20 22 0 0 0 0 1 1 2 3 4 5 6 7 10 10 10 11 11 12 13 13 14 14 14 15 16 16 17
-120.49103716000002
au-8611-a
H H H H H H C C C C C C C C O Au Au
0 1 2 3 4 5 6 6 6 7 7 8 9 9 10 10 12 13 12 13 8 11 6 7 7 11 15 8 16 9 10 12 11 14 13 14
12 13 8 11 6 7 7 11 15 8 16 9 10 12 11 14 13 14 0 1 2 3 4 5 6 6 6 7 7 8 9 9 10 10 12 13
-101.05082587000001
au-8612-a
H H H H H H C C C C C C C C O Au Au Au
0 1 2 3 4 5 6 6 6 7 8 8 9 9 10 10 11 12 13 13 12 13 7 8 6 11 7 11 15 8 9 17 10 12 11 13 15 14 14 16
12 13 7 8 6 11 7 11 15 8 9 17 10 12 11 13 15 14 14 16 0 1 2 3 4 5 6 6 6 7 8 8 9 9 10 10 11 12 13 13
-100.54824453
au-86S1-a
H H H H H H C C C C C C C C S Au
0 1 2 3 4 5 6 6 7 8 9 9 10 10 12 13 14 12 13 8 11 6 7 7 11 8 9 10 12 11 14 13 14 15
12 13 8 11 6 7 7 11 8 9 10 12 11 14 13 14 15 0 1 2 3 4 5 6 6 7 8 9 9 10 10 12 13 14
-98.81088783000001
au-86S2-a
H H H H H H C C C C C C C C S Au Au
0 1 2 3 4 5 6 6 7 7 8 9 9 10 10 12 13 14 13 12 6 11 7 8 7 11 8 16 9 10 13 11 12 14 14 15
13 12 6 11 7 8 7 11 8 16 9 10 13 11 12 14 14 15 0 1 2 3 4 5 6 6 7 7 8 9 9 10 10 12 13 14
-98.45478138000001
au-87N1-a
H H H H H H H C C C C C C C C N Au Au Au
0 1 2 3 4 5 6 7 7 7 8 8 9 10 10 10 11 11 13 14 14 15 13 14 9 7 8 12 8 12 18 9 18 10 11 13 17 12 15 14 15 16
15 13 14 9 7 8 12 8 12 18 9 18 10 11 13 17 12 15 14 15 16 0 1 2 3 4 5 6 7 7 7 8 8 9 10 10 10 11 11 13 14 14
-106.98308631000003
au-87N2-a
H H H H H H H C C C C C C C C N Au
0 1 2 3 4 5 6 7 7 7 8 8 9 10 11 11 12 13 14 15 14 13 7 10 8 9 8 10 16 9 16 12 11 12 13 14 15 15
15 14 13 7 10 8 9 8 10 16 9 16 12 11 12 13 14 15 15 0 1 2 3 4 5 6 7 7 7 8 8 9 10 11 11 12 13 14
-106.66365568000003
au-97N1-a
N H H H H H H H C C C C C C C C C
0 0 1 2 3 4 5 6 7 8 8 9 10 11 12 13 14 15 11 16 8 9 12 10 16 14 15 9 12 10 11 13 13 14 15 16
11 16 8 9 12 10 16 14 15 9 12 10 11 13 13 14 15 16 0 0 1 2 3 4 5 6 7 8 8 9 10 11 12 13 14 15
-115.75444120999998
au-97N2-a
N H H H H H H H C C C C C C C C C Au
0 0 0 1 2 3 4 5 6 7 8 8 9 10 11 11 12 12 15 14 16 17 14 15 16 10 13 8 9 9 13 10 11 12 14 13 15 16
14 16 17 14 15 16 10 13 8 9 9 13 10 11 12 14 13 15 16 0 0 0 1 2 3 4 5 6 7 8 8 9 10 11 11 12 12 15
-115.72877850999998
au-9801-a
C H H H H H H H H C C C C C C C C Au Au Au
0 0 0 1 2 2 3 5 6 7 8 9 9 9 10 11 11 12 12 13 13 4 15 16 15 15 18 16 10 11 9 14 10 14 19 11 12 17 13 16 14 15
4 15 16 15 15 18 16 10 11 9 14 10 14 19 11 12 17 13 16 14 15 0 0 0 1 2 2 3 5 6 7 8 9 9 9 10 11 11 12 12 13 13
-111.02904673
au-9802-a
C H H H H H H H H C C C C C C C C Au Au Au Au
0 0 0 0 0 0 1 3 4 5 6 7 7 8 8 9 9 10 11 12 12 12 12 13 13 13 15 16 1 2 15 16 17 19 20 10 11 9 14 15 17 16 19 10 14 11 12 13 16 18 19 14 15 17 17 19
1 2 15 16 17 19 20 10 11 9 14 15 17 16 19 10 14 11 12 13 16 18 19 14 15 17 17 19 0 0 0 0 0 0 1 3 4 5 6 7 7 8 8 9 9 10 11 12 12 12 12 13 13 13 15 16
-110.39279498000002
au-a801-a
C C H H H H H H H H C C C C C C C C
0 0 0 1 1 2 3 4 5 6 7 10 10 11 12 13 14 14 16 1 8 17 9 13 10 11 12 15 16 17 11 15 12 13 14 15 16 17
1 8 17 9 13 10 11 12 15 16 17 11 15 12 13 14 15 16 17 0 0 0 1 1 2 3 4 5 6 7 10 10 11 12 13 14 14 16
-120.54957295000003
cd-8611-a
H H H H H H C C C C C C C C O
0 1 2 3 4 5 6 6 7 8 9 9 10 10 12 13 12 13 8 11 6 7 7 11 8 9 10 12 11 14 13 14
12 13 8 11 6 7 7 11 8 9 10 12 11 14 13 14 0 1 2 3 4 5 6 6 7 8 9 9 10 10 12 13
-100.82072096000002
cd-8612-a
H H H H H H C C C C C C C C O Cd
0 1 2 3 4 5 6 6 7 8 9 9 10 10 12 13 13 12 13 7 8 6 11 7 11 8 9 10 12 11 13 14 14 15
12 13 7 8 6 11 7 11 8 9 10 12 11 13 14 14 15 0 1 2 3 4 5 6 6 7 8 9 9 10 10 12 13 13
-100.29685183000001
cd-86S1-a
H H H H H H C C C C C C C C S
0 1 2 3 4 5 6 6 7 8 9 9 10 10 12 13 12 13 8 11 6 7 7 11 8 9 10 12 11 14 13 14
12 13 8 11 6 7 7 11 8 9 10 12 11 14 13 14 0 1 2 3 4 5 6 6 7 8 9 9 10 10 12 13
-98.55353713
cd-86S2-a
H H H H H H C C C C C C C C S Cd
0 1 2 3 4 5 6 6 7 8 9 9 10 10 12 13 14 13 12 6 11 7 8 7 11 8 9 10 13 11 12 14 14 15
13 12 6 11 7 8 7 11 8 9 10 13 11 12 14 14 15 0 1 2 3 4 5 6 6 7 8 9 9 10 10 12 13 14
-98.19641496
cd-87N1-a
H H H H H H H C C C C C C C C N
0 1 2 3 4 5 6 7 7 8 9 10 10 11 11 13 14 15 13 14 9 7 8 12 8 12 9 10 11 13 12 15 14 15
15 13 14 9 7 8 12 8 12 9 10 11 13 12 15 14 15 0 1 2 3 4 5 6 7 7 8 9 10 10 11 11 13 14
-106.70908624
cd-87N2-a
H H H H H H H C C C C C C C C N
0 1 2 3 4 5 6 7 7 8 9 10 11 11 12 13 14 15 14 13 7 10 8 9 8 10 9 12 11 12 13 14 15 15
15 14 13 7 10 8 9 8 10 9 12 11 12 13 14 15 15 0 1 2 3 4 5 6 7 7 8 9 10 11 11 12 13 14
-106.38495407000002
cd-97N1-a
N H H H H H H H C C C C C C C C C Cd
0 0 0 1 2 3 4 5 6 7 8 8 9 10 11 12 13 14 15 11 16 17 8 9 12 10 16 14 15 9 12 10 11 13 13 14 15 16
11 16 17 8 9 12 10 16 14 15 9 12 10 11 13 13 14 15 16 0 0 0 1 2 3 4 5 6 7 8 8 9 10 11 12 13 14 15
-115.52589934
cd-97N2-a
N H H H H H H H C C C C C C C C C Cd
0 0 0 1 2 3 4 5 6 7 8 8 9 10 11 11 12 12 15 14 16 17 14 15 16 10 13 8 9 9 13 10 11 12 14 13 15 16
14 16 17 14 15 16 10 13 8 9 9 13 10 11 12 14 13 15 16 0 0 0 1 2 3 4 5 6 7 8 8 9 10 11 11 12 12 15
-115.50125674
cd-9801-a
C H H H H H H H H C C C C C C C C
0 0 0 1 2 3 5 6 7 8 9 9 10 11 12 12 13 13 4 15 16 15 15 16 10 11 9 14 10 14 11 12 13 16 14 15
4 15 16 15 15 16 10 11 9 14 10 14 11 12 13 16 14 15 0 0 0 1 2 3 5 6 7 8 9 9 10 11 12 12 13 13
-110.77003735
cd-9802-a
C H H H H H H H H C C C C C C C C Cd Cd Cd Cd
0 0 0 0 0 0 3 4 5 6 7 7 8 8 9 9 10 11 11 12 12 12 12 13 13 13 14 15 16 1 2 15 16 18 20 10 11 9 14 15 18 16 20 10 14 11 12 19 13 16 19 20 14 15 18 17 18 20
1 2 15 16 18 20 10 11 9 14 15 18 16 20 10 14 11 12 19 13 16 19 20 14 15 18 17 18 20 0 0 0 0 0 0 3 4 5 6 7 7 8 8 9 9 10 11 11 12 12 12 12 13 13 13 14 15 16
-110.12192582
cd-a801-a
C C H H H H H H H H C C C C C C C C
0 0 0 1 1 2 3 4 5 6 7 10 10 11 12 13 14 14 16 1 8 17 9 13 10 11 12 15 16 17 11 15 12 13 14 15 16 17
1 8 17 9 13 10 11 12 15 16 17 11 15 12 13 14 15 16 17 0 0 0 1 1 2 3 4 5 6 7 10 10 11 12 13 14 14 16
-120.28831923000001
co-8611-a
H H H H H H C C C C C C C C O Co Co Co Co Co Co Co Co Co Co
0 0 0 0 1 1 2 2 2 2 3 3 3 4 4 5 5 5 5 6 6 6 6 6 6 7 7 7 7 7 8 8 8 8 9 9 9 9 9 9 10 10 10 10 10 11 11 11 12 12 12 12 12 13 13 13 13 13 14 14 14 14 12 15 17 18 13 18 8 16 17 20 11 23 24 6 23 7 19 20 22 7 11 20 21 22 23 8 20 21 22 23 9 16 17 20 10 12 17 18 20 21 11 14 19 21 24 21 23 24 13 15 17 18 21 14 16 18 19 21 18 19 21 24
12 15 17 18 13 18 8 16 17 20 11 23 24 6 23 7 19 20 22 7 11 20 21 22 23 8 20 21 22 23 9 16 17 20 10 12 17 18 20 21 11 14 19 21 24 21 23 24 13 15 17 18 21 14 16 18 19 21 18 19 21 24 0 0 0 0 1 1 2 2 2 2 3 3 3 4 4 5 5 5 5 6 6 6 6 6 6 7 7 7 7 7 8 8 8 8 9 9 9 9 9 9 10 10 10 10 10 11 11 11 12 12 12 12 12 13 13 13 13 13 14 14 14 14
-102.28936511
co-8612-a
H H H H H H C C C C C C C C O Co Co Co Co Co Co Co Co Co Co Co
0 0 1 1 1 2 2 2 2 3 3 3 4 4 4 5 5 5 6 6 6 6 6 6 7 7 7 7 7 8 8 8 8 8 9 9 9 9 9 10 10 10 10 10 10 11 11 11 11 12 12 12 12 12 13 13 13 13 13 14 14 12 18 13 20 22 7 20 21 23 8 17 21 6 15 24 11 24 25 7 11 15 21 23 24 8 20 21 23 24 9 17 18 20 21 10 12 18 21 22 11 13 21 22 24 25 21 22 24 25 14 16 18 19 22 14 19 20 22 25 19 22
12 18 13 20 22 7 20 21 23 8 17 21 6 15 24 11 24 25 7 11 15 21 23 24 8 20 21 23 24 9 17 18 20 21 10 12 18 21 22 11 13 21 22 24 25 21 22 24 25 14 16 18 19 22 14 19 20 22 25 19 22 0 0 1 1 1 2 2 2 2 3 3 3 4 4 4 5 5 5 6 6 6 6 6 6 7 7 7 7 7 8 8 8 8 8 9 9 9 9 9 10 10 10 10 10 10 11 11 11 11 12 12 12 12 12 13 13 13 13 13 14 14
-102.14062263
co-86S1-a
H H H H H H C C C C C C C C S Co Co Co Co Co Co Co Co Co Co Co Co
0 0 0 1 1 2 2 2 2 3 3 3 4 4 4 5 5 6 6 6 6 6 7 7 7 7 8 8 8 8 8 9 9 9 9 9 9 9 10 10 10 10 10 10 11 11 11 11 12 12 12 12 13 13 13 13 13 13 14 14 14 14 14 14 12 21 26 13 26 8 19 20 23 11 22 24 6 18 22 7 19 7 11 18 19 22 8 18 19 22 9 19 20 22 23 10 12 21 22 23 25 26 11 14 22 23 25 26 21 22 24 25 13 21 23 26 14 15 17 24 25 26 16 17 23 24 25 26
12 21 26 13 26 8 19 20 23 11 22 24 6 18 22 7 19 7 11 18 19 22 8 18 19 22 9 19 20 22 23 10 12 21 22 23 25 26 11 14 22 23 25 26 21 22 24 25 13 21 23 26 14 15 17 24 25 26 16 17 23 24 25 26 0 0 0 1 1 2 2 2 2 3 3 3 4 4 4 5 5 6 6 6 6 6 7 7 7 7 8 8 8 8 8 9 9 9 9 9 9 9 10 10 10 10 10 10 11 11 11 11 12 12 12 12 13 13 13 13 13 13 14 14 14 14 14 14
-100.46283020999999
co-86S2-a
H H H H H H C C C C C C C C S Co Co Co Co Co Co Co Co Co Co Co
0 0 0 1 1 2 2 3 3 3 3 4 4 4 4 5 5 5 5 6 6 6 6 6 7 7 7 7 7 8 8 8 8 8 9 9 9 9 9 9 10 10 10 10 10 10 11 11 11 11 12 12 12 12 12 13 13 13 13 13 14 14 14 14 14 13 23 25 12 17 6 21 11 16 23 24 7 18 21 22 8 19 20 22 7 11 21 23 24 8 18 21 22 24 9 20 22 24 25 10 13 20 22 24 25 11 12 16 17 24 25 16 21 23 24 14 16 17 24 25 14 15 20 23 25 15 17 19 23 25
13 23 25 12 17 6 21 11 16 23 24 7 18 21 22 8 19 20 22 7 11 21 23 24 8 18 21 22 24 9 20 22 24 25 10 13 20 22 24 25 11 12 16 17 24 25 16 21 23 24 14 16 17 24 25 14 15 20 23 25 15 17 19 23 25 0 0 0 1 1 2 2 3 3 3 3 4 4 4 4 5 5 5 5 6 6 6 6 6 7 7 7 7 7 8 8 8 8 8 9 9 9 9 9 9 10 10 10 10 10 10 11 11 11 11 12 12 12 12 12 13 13 13 13 13 14 14 14 14 14
-100.56039657000002
co-87N1-a
H H H H H H H C C C C C C C C N Co Co Co Co Co Co Co Co Co Co Co
0 0 0 0 1 1 1 2 2 3 3 3 4 4 4 5 5 6 6 6 7 7 7 7 7 8 8 8 8 9 9 9 9 9 10 10 10 10 10 10 11 11 11 11 11 12 12 12 12 13 13 13 13 14 14 14 14 14 15 15 15 15 16 17 25 13 21 26 14 26 9 19 20 7 18 22 8 19 12 22 24 8 12 18 19 22 9 18 19 22 10 19 20 22 23 11 13 20 21 22 23 12 15 22 23 25 21 22 24 25 14 21 23 26 15 17 23 25 26 17 23 25
15 16 17 25 13 21 26 14 26 9 19 20 7 18 22 8 19 12 22 24 8 12 18 19 22 9 18 19 22 10 19 20 22 23 11 13 20 21 22 23 12 15 22 23 25 21 22 24 25 14 21 23 26 15 17 23 25 26 17 23 25 0 0 0 0 1 1 1 2 2 3 3 3 4 4 4 5 5 6 6 6 7 7 7 7 7 8 8 8 8 9 9 9 9 9 10 10 10 10 10 10 11 11 11 11 11 12 12 12 12 13 13 13 13 14 14 14 14 14 15 15 15
-108.15295730000003
co-87N2-a
H H H H H H H C C C C C C C C N Co Co Co Co Co Co Co Co Co Co Co
0 0 1 1 1 2 2 3 3 3 3 4 4 4 5 5 5 6 6 6 7 7 7 7 7 7 8 8 8 8 8 9 9 9 9 9 10 10 10 10 10 11 11 11 11 11 12 12 12 12 12 13 13 13 13 13 14 14 14 14 14 15 15 15 15 15 26 14 21 23 13 25 7 18 21 22 10 22 24 8 16 19 9 19 20 8 10 18 19 21 22 9 16 18 19 22 12 19 20 22 23 11 21 22 24 25 12 13 22 23 25 14 19 20 22 23 15 17 23 25 26 15 20 21 23 26 17 23 25 26
15 26 14 21 23 13 25 7 18 21 22 10 22 24 8 16 19 9 19 20 8 10 18 19 21 22 9 16 18 19 22 12 19 20 22 23 11 21 22 24 25 12 13 22 23 25 14 19 20 22 23 15 17 23 25 26 15 20 21 23 26 17 23 25 26 0 0 1 1 1 2 2 3 3 3 3 4 4 4 5 5 5 6 6 6 7 7 7 7 7 7 8 8 8 8 8 9 9 9 9 9 10 10 10 10 10 11 11 11 11 11 12 12 12 12 12 13 13 13 13 13 14 14 14 14 14 15 15 15 15
-108.10304496000003
co-97N1-a
N H H H H H H H C C C C C C C C C Co Co Co Co Co Co Co Co Co Co Co Co
0 0 0 0 0 0 1 1 1 2 2 2 3 3 3 4 4 4 5 5 5 6 6 7 7 7 8 8 8 8 8 9 9 9 9 9 10 10 10 10 10 10 11 11 11 11 11 12 12 12 12 12 13 13 13 13 13 14 14 14 14 15 15 15 15 16 16 16 16 16 11 16 22 23 25 28 8 20 24 9 18 21 12 24 26 10 21 22 16 26 28 14 27 15 19 28 9 12 20 21 24 10 18 19 20 21 11 19 21 22 24 25 13 22 24 25 28 13 23 24 26 27 14 24 25 27 28 15 19 27 28 16 19 27 28 17 23 25 26 28
11 16 22 23 25 28 8 20 24 9 18 21 12 24 26 10 21 22 16 26 28 14 27 15 19 28 9 12 20 21 24 10 18 19 20 21 11 19 21 22 24 25 13 22 24 25 28 13 23 24 26 27 14 24 25 27 28 15 19 27 28 16 19 27 28 17 23 25 26 28 0 0 0 0 0 0 1 1 1 2 2 2 3 3 3 4 4 4 5 5 5 6 6 7 7 7 8 8 8 8 8 9 9 9 9 9 10 10 10 10 10 10 11 11 11 11 11 12 12 12 12 12 13 13 13 13 13 14 14 14 14 15 15 15 15 16 16 16 16 16
-117.75851841000002
co-97N2-a
N H H H H H H H C C C C C C C C C Co Co Co Co Co Co Co Co Co Co Co Co
0 0 0 0 0 0 0 1 1 1 2 2 2 3 3 3 4 4 4 5 5 5 5 6 6 6 7 7 7 8 8 8 8 8 8 9 9 9 9 9 10 10 10 10 10 11 11 11 11 11 11 12 12 12 12 12 12 13 13 13 14 14 14 14 15 15 15 15 15 16 16 16 14 16 17 23 25 26 28 14 23 25 15 18 27 16 19 28 10 21 22 13 23 24 26 8 20 24 9 18 21 9 13 20 21 23 24 10 18 20 21 24 11 21 22 24 25 12 14 21 24 25 27 13 15 24 25 26 27 23 24 26 23 25 27 28 16 18 19 26 27 19 27 28
14 16 17 23 25 26 28 14 23 25 15 18 27 16 19 28 10 21 22 13 23 24 26 8 20 24 9 18 21 9 13 20 21 23 24 10 18 20 21 24 11 21 22 24 25 12 14 21 24 25 27 13 15 24 25 26 27 23 24 26 23 25 27 28 16 18 19 26 27 19 27 28 0 0 0 0 0 0 0 1 1 1 2 2 2 3 3 3 4 4 4 5 5 5 5 6 6 6 7 7 7 8 8 8 8 8 8 9 9 9 9 9 10 10 10 10 10 11 11 11 11 11 11 12 12 12 12 12 12 13 13 13 14 14 14 14 15 15 15 15 15 16 16 16
-117.67503525000001
co-9801-a
C H H H H H H H H C C C C C C C C Co Co Co Co Co Co Co Co Co Co Co
0 0 0 0 0 0 0 1 2 2 2 2 3 3 3 4 5 5 5 6 6 6 7 7 7 8 8 8 9 9 9 9 9 10 10 10 10 10 11 11 11 11 11 12 12 12 12 12 12 13 13 13 13 13 13 14 14 14 15 16 16 16 4 15 16 18 24 26 27 15 15 17 18 26 16 22 27 27 10 17 20 11 20 21 9 19 23 14 23 25 10 14 19 20 23 11 17 18 19 20 12 20 21 23 24 13 16 21 22 23 24 14 15 23 24 26 27 23 25 26 26 22 24 27
4 15 16 18 24 26 27 15 15 17 18 26 16 22 27 27 10 17 20 11 20 21 9 19 23 14 23 25 10 14 19 20 23 11 17 18 19 20 12 20 21 23 24 13 16 21 22 23 24 14 15 23 24 26 27 23 25 26 26 22 24 27 0 0 0 0 0 0 0 1 2 2 2 2 3 3 3 4 5 5 5 6 6 6 7 7 7 8 8 8 9 9 9 9 9 10 10 10 10 10 11 11 11 11 11 12 12 12 12 12 12 13 13 13 13 13 13 14 14 14 15 16 16 16
-112.50563344
co-9802-a
C H H H H H H H H C C C C C C C C Co Co Co Co Co Co Co Co Co Co Co
0 0 0 0 0 0 0 1 1 3 3 4 4 4 4 5 5 5 6 6 6 6 7 7 7 8 8 9 9 9 9 9 9 10 10 10 10 11 11 11 11 11 12 12 12 12 12 12 13 13 13 13 13 13 14 14 14 14 14 15 15 15 15 16 16 16 16 1 2 15 16 18 26 27 18 27 10 20 11 21 22 24 9 19 20 14 22 23 25 15 17 26 16 27 10 14 19 20 23 24 11 20 21 24 12 20 21 22 24 13 16 22 24 26 27 14 15 23 24 25 26 19 22 23 24 25 17 18 25 26 22 24 26 27
1 2 15 16 18 26 27 18 27 10 20 11 21 22 24 9 19 20 14 22 23 25 15 17 26 16 27 10 14 19 20 23 24 11 20 21 24 12 20 21 22 24 13 16 22 24 26 27 14 15 23 24 25 26 19 22 23 24 25 17 18 25 26 22 24 26 27 0 0 0 0 0 0 0 1 1 3 3 4 4 4 4 5 5 5 6 6 6 6 7 7 7 8 8 9 9 9 9 9 9 10 10 10 10 11 11 11 11 11 12 12 12 12 12 12 13 13 13 13 13 13 14 14 14 14 14 15 15 15 15 16 16 16 16
-112.53022016
co-a801-a
C C H H H H H H H H C C C C C C C C Co Co Co Co Co Co Co Co Co Co Co Co
0 0 0 0 0 0 0 1 1 1 1 1 2 2 2 3 3 3 4 4 4 5 5 5 6 6 6 7 7 7 8 8 9 9 10 10 10 10 10 10 11 11 11 11 11 12 12 12 12 12 13 13 13 13 13 14 14 14 14 14 14 14 15 15 15 15 16 16 16 16 16 17 17 17 1 8 17 18 24 27 29 9 13 24 26 29 10 21 25 11 19 22 12 22 23 15 25 27 16 19 28 17 20 29 27 29 24 26 11 15 21 22 24 25 12 19 21 22 25 13 22 23 25 26 14 25 26 28 29 15 16 25 26 27 28 29 24 25 27 28 17 19 20 27 28 20 28 29
1 8 17 18 24 27 29 9 13 24 26 29 10 21 25 11 19 22 12 22 23 15 25 27 16 19 28 17 20 29 27 29 24 26 11 15 21 22 24 25 12 19 21 22 25 13 22 23 25 26 14 25 26 28 29 15 16 25 26 27 28 29 24 25 27 28 17 19 20 27 28 20 28 29 0 0 0 0 0 0 0 1 1 1 1 1 2 2 2 3 3 3 4 4 4 5 5 5 6 6 6 7 7 7 8 8 9 9 10 10 10 10 10 10 11 11 11 11 11 12 12 12 12 12 13 13 13 13 13 14 14 14 14 14 14 14 15 15 15 15 16 16 16 16 16 17 17 17
-122.44553067000004
cu-8611-a
H H H H H H C C C C C C C C O Cu Cu Cu Cu
0 1 2 3 4 5 6 6 6 7 7 8 8 9 9 9 10 10 10 12 13 13 12 13 8 11 6 7 7 11 16 8 18 9 18 10 12 17 11 14 17 13 14 15
12 13 8 11 6 7 7 11 16 8 18 9 18 10 12 17 11 14 17 13 14 15 0 1 2 3 4 5 6 6 6 7 7 8 8 9 9 9 10 10 10 12 13 13
-101.05700731999997
cu-8612-a
H H H H H H C C C C C C C C O Cu Cu Cu Cu Cu Cu Cu Cu
0 0 1 2 2 3 3 4 4 5 5 5 6 6 6 6 7 7 7 7 8 8 8 8 9 9 9 9 9 10 10 10 10 10 11 11 11 12 12 12 13 13 13 14 14 12 17 13 7 19 8 16 6 20 11 20 21 7 11 19 20 8 16 19 20 9 15 16 19 10 12 16 17 22 11 13 16 20 22 20 21 22 14 17 22 14 18 22 17 18
12 17 13 7 19 8 16 6 20 11 20 21 7 11 19 20 8 16 19 20 9 15 16 19 10 12 16 17 22 11 13 16 20 22 20 21 22 14 17 22 14 18 22 17 18 0 0 1 2 2 3 3 4 4 5 5 5 6 6 6 6 7 7 7 7 8 8 8 8 9 9 9 9 9 10 10 10 10 10 11 11 11 12 12 12 13 13 13 14 14
-100.59000273999999
cu-86S1-a
H H H H H H C C C C C C C C S Cu Cu Cu Cu
0 1 2 3 4 5 6 6 7 8 9 9 9 10 10 10 11 12 13 13 14 12 13 8 11 6 7 7 11 8 9 10 12 17 11 14 17 15 13 14 18 16
12 13 8 11 6 7 7 11 8 9 10 12 17 11 14 17 15 13 14 18 16 0 1 2 3 4 5 6 6 7 8 9 9 9 10 10 10 11 12 13 13 14
-98.89386695999997
cu-86S2-a
H H H H H H C C C C C C C C S Cu Cu Cu Cu Cu Cu
0 0 1 1 2 3 4 5 6 6 7 8 8 9 9 9 9 9 10 10 10 10 10 11 12 12 13 13 13 13 14 14 14 13 19 12 18 6 11 7 8 7 11 8 9 15 10 13 15 17 19 11 12 17 18 19 17 14 18 14 16 19 20 18 19 20
13 19 12 18 6 11 7 8 7 11 8 9 15 10 13 15 17 19 11 12 17 18 19 17 14 18 14 16 19 20 18 19 20 0 0 1 1 2 3 4 5 6 6 7 8 8 9 9 9 9 9 10 10 10 10 10 11 12 12 13 13 13 13 14 14 14
-98.68902752000002
cu-87N1-a
H H H H H H H C C C C C C C C N Cu Cu Cu Cu Cu Cu
0 1 2 3 4 5 6 7 7 7 8 8 9 9 9 10 10 10 11 11 12 13 13 14 14 15 15 13 14 9 7 8 12 8 12 16 9 16 10 17 20 11 13 20 12 15 18 14 21 15 21 19
15 13 14 9 7 8 12 8 12 16 9 16 10 17 20 11 13 20 12 15 18 14 21 15 21 19 0 1 2 3 4 5 6 7 7 7 8 8 9 9 9 10 10 10 11 11 12 13 13 14 14 15
-107.0466116
cu-87N2-a
H H H H H H H C C C C C C C C N Cu Cu Cu Cu Cu Cu
0 1 2 3 3 4 5 6 7 7 7 7 7 8 8 9 9 9 10 10 11 11 11 12 12 13 13 14 15 15 14 13 7 17 10 8 9 8 10 16 17 18 9 16 12 16 20 11 18 12 13 19 14 20 15 19 15 21
15 14 13 7 17 10 8 9 8 10 16 17 18 9 16 12 16 20 11 18 12 13 19 14 20 15 19 15 21 0 1 2 3 3 4 5 6 7 7 7 7 7 8 8 9 9 9 10 10 11 11 11 12 12 13 13 14 15
-106.75592043
cu-97N1-a
N H H H H H H H C C C C C C C C C Cu Cu Cu Cu Cu Cu
0 0 0 0 0 1 2 3 4 4 5 5 6 7 8 8 9 9 10 10 11 11 12 13 14 15 15 16 16 11 16 19 21 22 8 9 12 10 18 16 20 14 15 9 12 10 17 11 18 13 21 13 14 15 16 22 19 22
11 16 19 21 22 8 9 12 10 18 16 20 14 15 9 12 10 17 11 18 13 21 13 14 15 16 22 19 22 0 0 0 0 0 1 2 3 4 4 5 5 6 7 8 8 9 9 10 10 11 11 12 13 14 15 15 16 16
-115.77577587999997
cu-97N2-a
N H H H H H H H C C C C C C C C C Cu Cu Cu Cu Cu
0 0 0 0 1 1 2 3 3 4 5 6 7 8 8 9 10 11 11 11 12 12 14 14 14 15 15 16 16 14 16 19 21 14 18 15 16 17 10 13 8 9 9 13 10 11 12 14 20 13 15 18 20 21 16 19 19 21
14 16 19 21 14 18 15 16 17 10 13 8 9 9 13 10 11 12 14 20 13 15 18 20 21 16 19 19 21 0 0 0 0 1 1 2 3 3 4 5 6 7 8 8 9 10 11 11 11 12 12 14 14 14 15 15 16 16
-115.79943139
cu-9801-a
C H H H H H H H H C C C C C C C C Cu Cu Cu Cu Cu Cu
0 0 0 0 1 2 2 3 5 6 6 7 8 9 9 9 10 10 11 11 12 12 12 13 13 13 16 4 15 16 22 15 15 20 16 10 11 18 9 14 10 14 17 11 17 12 18 13 16 21 14 15 21 19
4 15 16 22 15 15 20 16 10 11 18 9 14 10 14 17 11 17 12 18 13 16 21 14 15 21 19 0 0 0 0 1 2 2 3 5 6 6 7 8 9 9 9 10 10 11 11 12 12 12 13 13 13 16
-111.05416779000001
cu-9802-a
C H H H H H H H H C C C C C C C C Cu Cu Cu Cu Cu Cu Cu Cu Cu
0 0 0 0 0 0 1 3 3 4 4 5 5 6 6 7 7 8 8 9 9 9 9 9 10 10 10 11 11 11 11 12 12 12 12 12 13 13 13 13 13 14 14 15 15 15 16 16 16 1 2 15 16 23 25 19 10 18 11 20 9 21 14 22 15 23 16 25 10 14 18 21 22 11 18 24 12 18 20 24 13 16 23 24 25 14 15 22 23 24 22 23 17 19 23 23 24 25
1 2 15 16 23 25 19 10 18 11 20 9 21 14 22 15 23 16 25 10 14 18 21 22 11 18 24 12 18 20 24 13 16 23 24 25 14 15 22 23 24 22 23 17 19 23 23 24 25 0 0 0 0 0 0 1 3 3 4 4 5 5 6 6 7 7 8 8 9 9 9 9 9 10 10 10 11 11 11 11 12 12 12 12 12 13 13 13 13 13 14 14 15 15 15 16 16 16
-110.93979803999997
cu-a801-a
C C H H H H H H H H C C C C C C C C Cu Cu Cu Cu Cu Cu Cu
0 0 0 0 1 1 1 2 3 4 5 6 7 10 10 10 11 11 12 12 13 13 14 14 14 15 16 16 17 1 8 17 24 9 13 20 10 11 12 15 16 17 11 15 18 12 18 13 19 14 23 15 16 23 21 17 22 24
1 8 17 24 9 13 20 10 11 12 15 16 17 11 15 18 12 18 13 19 14 23 15 16 23 21 17 22 24 0 0 0 0 1 1 1 2 3 4 5 6 7 10 10 10 11 11 12 12 13 13 14 14 14 15 16 16 17
-120.57480509999999
fe-8611-a
H H H H H H C C C C C C C C O Fe Fe Fe Fe Fe Fe Fe Fe Fe Fe Fe Fe
0 0 0 1 1 2 2 2 3 3 3 4 4 4 5 5 6 6 6 6 6 6 7 7 7 7 7 8 8 8 8 8 9 9 9 9 9 10 10 10 10 10 11 11 11 11 12 12 12 12 12 12 13 13 13 13 14 14 14 12 16 22 13 22 8 23 26 11 24 25 6 17 25 7 21 7 11 17 19 21 25 8 19 21 25 26 9 16 21 23 26 10 12 16 20 26 11 14 20 25 26 17 20 24 25 13 15 16 20 22 26 14 19 20 22 18 19 20
12 16 22 13 22 8 23 26 11 24 25 6 17 25 7 21 7 11 17 19 21 25 8 19 21 25 26 9 16 21 23 26 10 12 16 20 26 11 14 20 25 26 17 20 24 25 13 15 16 20 22 26 14 19 20 22 18 19 20 0 0 0 1 1 2 2 2 3 3 3 4 4 4 5 5 6 6 6 6 6 6 7 7 7 7 7 8 8 8 8 8 9 9 9 9 9 10 10 10 10 10 11 11 11 11 12 12 12 12 12 12 13 13 13 13 14 14 14
-102.48714892999999
fe-8612-a
H H H H H H C C C C C C C C O Fe Fe Fe Fe Fe Fe Fe Fe Fe Fe
0 0 1 1 2 2 2 2 3 3 4 4 4 4 5 5 6 6 6 6 6 6 7 7 7 7 7 8 8 8 8 8 9 9 9 9 9 10 10 10 10 10 11 11 11 11 12 12 12 12 12 13 13 13 13 13 14 14 12 16 13 18 7 15 19 21 8 21 6 17 19 23 11 23 7 11 17 19 23 24 8 15 19 21 24 9 16 21 22 24 10 12 16 21 24 11 13 18 23 24 18 22 23 24 14 15 16 20 24 14 17 18 20 24 20 24
12 16 13 18 7 15 19 21 8 21 6 17 19 23 11 23 7 11 17 19 23 24 8 15 19 21 24 9 16 21 22 24 10 12 16 21 24 11 13 18 23 24 18 22 23 24 14 15 16 20 24 14 17 18 20 24 20 24 0 0 1 1 2 2 2 2 3 3 4 4 4 4 5 5 6 6 6 6 6 6 7 7 7 7 7 8 8 8 8 8 9 9 9 9 9 10 10 10 10 10 11 11 11 11 12 12 12 12 12 13 13 13 13 13 14 14
-102.69725487
fe-86S1-a
H H H H H H C C C C C C C C S Fe Fe Fe Fe Fe Fe Fe Fe Fe Fe Fe Fe
0 0 0 1 1 1 2 2 2 3 3 3 3 4 4 4 5 5 6 6 6 6 6 6 7 7 7 7 8 8 8 8 9 9 9 9 9 10 10 10 10 10 10 11 11 11 11 12 12 12 12 12 12 13 13 13 13 13 14 14 14 14 14 12 20 22 13 18 20 8 16 26 11 19 21 25 6 15 21 7 23 7 11 15 21 23 26 8 23 24 26 9 16 23 26 10 12 16 20 26 11 14 20 21 25 26 19 21 25 26 13 16 19 20 22 26 14 18 19 20 24 17 20 24 25 26
12 20 22 13 18 20 8 16 26 11 19 21 25 6 15 21 7 23 7 11 15 21 23 26 8 23 24 26 9 16 23 26 10 12 16 20 26 11 14 20 21 25 26 19 21 25 26 13 16 19 20 22 26 14 18 19 20 24 17 20 24 25 26 0 0 0 1 1 1 2 2 2 3 3 3 3 4 4 4 5 5 6 6 6 6 6 6 7 7 7 7 8 8 8 8 9 9 9 9 9 10 10 10 10 10 10 11 11 11 11 12 12 12 12 12 12 13 13 13 13 13 14 14 14 14 14
-101.15294577999998
fe-86S2-a
H H H H H H C C C C C C C C S Fe Fe Fe Fe Fe Fe Fe Fe Fe Fe Fe
0 0 1 1 2 2 2 3 3 3 4 4 4 4 5 5 5 6 6 6 6 6 7 7 7 7 7 8 8 8 8 8 9 9 9 9 9 10 10 10 10 10 11 11 11 11 12 12 12 12 12 13 13 13 13 13 14 14 14 14 14 14 13 21 12 17 6 20 24 11 23 24 7 20 22 25 8 15 25 7 11 20 24 25 8 20 22 24 25 9 15 21 22 25 10 13 19 21 25 11 12 19 23 25 19 23 24 25 14 17 18 19 23 14 18 19 20 21 16 17 18 19 20 21
13 21 12 17 6 20 24 11 23 24 7 20 22 25 8 15 25 7 11 20 24 25 8 20 22 24 25 9 15 21 22 25 10 13 19 21 25 11 12 19 23 25 19 23 24 25 14 17 18 19 23 14 18 19 20 21 16 17 18 19 20 21 0 0 1 1 2 2 2 3 3 3 4 4 4 4 5 5 5 6 6 6 6 6 7 7 7 7 7 8 8 8 8 8 9 9 9 9 9 10 10 10 10 10 11 11 11 11 12 12 12 12 12 13 13 13 13 13 14 14 14 14 14 14
-100.97419123999998
fe-87N1-a
H H H H H H H C C C C C C C C N Fe Fe Fe Fe Fe Fe Fe Fe Fe Fe Fe
0 0 1 1 1 2 2 2 3 3 3 3 4 4 5 5 5 5 6 6 7 7 7 7 7 7 8 8 8 8 8 9 9 9 9 9 10 10 10 10 10 11 11 11 11 11 12 12 12 13 13 13 13 13 14 14 14 14 14 15 15 15 15 15 20 13 17 22 14 19 22 9 17 23 24 7 21 8 16 18 23 12 25 8 12 16 19 21 26 9 16 21 23 26 10 17 23 24 26 11 13 17 23 26 12 15 20 25 26 21 25 26 14 16 17 22 26 15 19 20 22 26 20 24 25 26
15 20 13 17 22 14 19 22 9 17 23 24 7 21 8 16 18 23 12 25 8 12 16 19 21 26 9 16 21 23 26 10 17 23 24 26 11 13 17 23 26 12 15 20 25 26 21 25 26 14 16 17 22 26 15 19 20 22 26 20 24 25 26 0 0 1 1 1 2 2 2 3 3 3 3 4 4 5 5 5 5 6 6 7 7 7 7 7 7 8 8 8 8 8 9 9 9 9 9 10 10 10 10 10 11 11 11 11 11 12 12 12 13 13 13 13 13 14 14 14 14 14 15 15 15 15
-108.65302553999999
fe-87N2-a
H H H H H H H C C C C C C C C N Fe Fe Fe Fe Fe Fe Fe Fe Fe Fe Fe
0 0 1 1 1 2 2 3 3 3 4 4 4 4 5 5 5 6 6 6 7 7 7 7 7 8 8 8 8 8 9 9 9 9 9 10 10 10 10 10 11 11 11 11 12 12 12 12 13 13 13 13 13 14 14 14 14 14 15 15 15 15 15 15 15 22 14 16 17 13 20 7 16 21 10 21 25 26 8 18 23 9 23 24 8 10 16 21 23 9 16 18 23 24 12 17 18 23 24 11 21 23 25 26 12 13 23 26 14 17 23 26 15 20 22 25 26 15 16 17 22 26 16 17 19 20 22 26
15 22 14 16 17 13 20 7 16 21 10 21 25 26 8 18 23 9 23 24 8 10 16 21 23 9 16 18 23 24 12 17 18 23 24 11 21 23 25 26 12 13 23 26 14 17 23 26 15 20 22 25 26 15 16 17 22 26 16 17 19 20 22 26 0 0 1 1 1 2 2 3 3 3 4 4 4 4 5 5 5 6 6 6 7 7 7 7 7 8 8 8 8 8 9 9 9 9 9 10 10 10 10 10 11 11 11 11 12 12 12 12 13 13 13 13 13 14 14 14 14 14 15 15 15 15 15 15
-108.61791886999998
fe-97N1-a
N H H H H H H H C C C C C C C C C Fe Fe Fe Fe Fe Fe Fe Fe Fe Fe Fe
0 0 0 0 0 0 1 1 1 2 2 3 3 3 4 4 4 4 5 5 5 6 6 6 7 7 7 8 8 8 8 8 8 9 9 9 9 10 10 10 10 10 11 11 11 11 12 12 12 12 12 13 13 13 13 14 14 14 14 15 15 15 15 15 16 16 16 16 11 16 18 21 23 27 8 17 22 9 24 12 22 26 10 18 24 25 16 20 23 14 25 26 15 19 21 9 12 17 22 24 27 10 17 24 27 11 18 24 25 27 13 18 21 27 13 20 22 26 27 14 21 26 27 15 21 25 26 16 19 20 21 25 19 20 21 23
11 16 18 21 23 27 8 17 22 9 24 12 22 26 10 18 24 25 16 20 23 14 25 26 15 19 21 9 12 17 22 24 27 10 17 24 27 11 18 24 25 27 13 18 21 27 13 20 22 26 27 14 21 26 27 15 21 25 26 16 19 20 21 25 19 20 21 23 0 0 0 0 0 0 1 1 1 2 2 3 3 3 4 4 4 4 5 5 5 6 6 6 7 7 7 8 8 8 8 8 8 9 9 9 9 10 10 10 10 10 11 11 11 11 12 12 12 12 12 13 13 13 13 14 14 14 14 15 15 15 15 15 16 16 16 16
-118.00086446999995
fe-97N2-a
N H H H H H H H C C C C C C C C C Fe Fe Fe Fe Fe Fe Fe Fe Fe Fe Fe
0 0 0 0 0 0 0 1 1 1 2 2 2 3 3 3 3 4 4 5 5 5 6 6 6 6 7 7 7 7 8 8 8 8 9 9 9 9 10 10 10 10 10 11 11 11 11 11 11 12 12 12 12 12 12 13 13 13 14 14 14 15 15 15 15 15 16 16 16 16 14 16 17 18 21 23 27 14 18 23 15 21 25 16 20 21 23 10 24 13 19 26 8 20 22 23 9 17 22 24 9 13 20 22 10 17 22 24 11 18 22 24 27 12 14 18 22 24 27 13 15 21 22 26 27 20 22 26 18 23 27 16 21 25 26 27 20 21 23 27
14 16 17 18 21 23 27 14 18 23 15 21 25 16 20 21 23 10 24 13 19 26 8 20 22 23 9 17 22 24 9 13 20 22 10 17 22 24 11 18 22 24 27 12 14 18 22 24 27 13 15 21 22 26 27 20 22 26 18 23 27 16 21 25 26 27 20 21 23 27 0 0 0 0 0 0 0 1 1 1 2 2 2 3 3 3 3 4 4 5 5 5 6 6 6 6 7 7 7 7 8 8 8 8 9 9 9 9 10 10 10 10 10 11 11 11 11 11 11 12 12 12 12 12 12 13 13 13 14 14 14 15 15 15 15 15 16 16 16 16
-118.28213578999998
fe-9801-a
C H H H H H H H H C C C C C C C C Fe Fe Fe Fe Fe Fe Fe Fe Fe Fe Fe
0 0 0 0 0 0 0 1 2 2 2 2 3 3 3 4 4 5 5 5 5 6 6 6 6 7 7 8 8 8 9 9 9 9 9 10 10 10 10 11 11 11 11 12 12 12 12 12 13 13 13 13 13 13 14 14 14 14 15 16 16 16 16 4 15 16 20 21 23 27 15 15 21 25 26 16 18 23 20 23 10 17 19 24 11 18 24 25 9 22 14 22 26 10 14 17 22 24 11 17 22 24 12 18 24 25 13 16 18 24 27 14 15 21 24 26 27 22 24 26 27 21 17 18 23 27
4 15 16 20 21 23 27 15 15 21 25 26 16 18 23 20 23 10 17 19 24 11 18 24 25 9 22 14 22 26 10 14 17 22 24 11 17 22 24 12 18 24 25 13 16 18 24 27 14 15 21 24 26 27 22 24 26 27 21 17 18 23 27 0 0 0 0 0 0 0 1 2 2 2 2 3 3 3 4 4 5 5 5 5 6 6 6 6 7 7 8 8 8 9 9 9 9 9 10 10 10 10 11 11 11 11 12 12 12 12 12 13 13 13 13 13 13 14 14 14 14 15 16 16 16 16
-113.00729414999995
fe-9802-a
C H H H H H H H H C C C C C C C C Fe Fe Fe Fe Fe Fe Fe Fe Fe Fe Fe
0 0 0 0 0 0 0 1 3 3 3 4 4 5 5 5 6 6 6 7 7 8 8 8 9 9 9 9 9 10 10 10 10 10 11 11 11 11 12 12 12 12 12 13 13 13 13 13 13 14 14 14 14 15 15 15 15 16 16 16 16 16 1 2 15 16 20 21 23 20 10 24 25 11 18 9 22 24 14 22 26 15 21 16 17 23 10 14 22 24 27 11 18 24 25 27 12 18 25 27 13 16 18 23 27 14 15 21 23 26 27 21 22 26 27 19 20 21 23 17 18 20 22 23
1 2 15 16 20 21 23 20 10 24 25 11 18 9 22 24 14 22 26 15 21 16 17 23 10 14 22 24 27 11 18 24 25 27 12 18 25 27 13 16 18 23 27 14 15 21 23 26 27 21 22 26 27 19 20 21 23 17 18 20 22 23 0 0 0 0 0 0 0 1 3 3 3 4 4 5 5 5 6 6 6 7 7 8 8 8 9 9 9 9 9 10 10 10 10 10 11 11 11 11 12 12 12 12 12 13 13 13 13 13 13 14 14 14 14 15 15 15 15 16 16 16 16 16
-112.87798967999998
fe-a801-a
C C H H H H H H H H C C C C C C C C Fe Fe Fe Fe Fe Fe Fe Fe Fe Fe Fe Fe
0 0 0 0 0 0 1 1 1 1 1 1 1 2 2 2 3 3 3 4 4 4 4 5 5 5 6 6 6 6 7 7 7 8 8 9 9 10 10 10 10 10 11 11 11 11 11 12 12 12 12 12 13 13 13 13 13 14 14 14 14 14 14 15 15 15 15 16 16 16 16 16 17 17 17 1 8 17 22 23 25 9 13 18 19 23 25 29 10 18 24 11 20 26 12 19 26 27 15 24 28 16 23 27 28 17 21 23 22 25 19 25 11 15 18 24 26 12 18 20 26 27 13 19 26 27 29 14 19 23 26 29 15 16 23 26 28 29 24 26 28 29 17 23 27 28 29 21 22 23
1 8 17 22 23 25 9 13 18 19 23 25 29 10 18 24 11 20 26 12 19 26 27 15 24 28 16 23 27 28 17 21 23 22 25 19 25 11 15 18 24 26 12 18 20 26 27 13 19 26 27 29 14 19 23 26 29 15 16 23 26 28 29 24 26 28 29 17 23 27 28 29 21 22 23 0 0 0 0 0 0 1 1 1 1 1 1 1 2 2 2 3 3 3 4 4 4 4 5 5 5 6 6 6 6 7 7 7 8 8 9 9 10 10 10 10 10 11 11 11 11 11 12 12 12 12 12 13 13 13 13 13 14 14 14 14 14 14 15 15 15 15 16 16 16 16 16 17 17 17
-122.78614723999999
ir-8611-a
H H H H H H C C C C C C C C O Ir Ir Ir Ir Ir Ir Ir Ir Ir
0 0 1 1 2 2 3 3 4 4 5 5 6 6 6 6 6 6 7 7 7 7 8 8 8 8 9 9 9 9 9 10 10 10 10 10 11 11 11 12 12 12 12 13 13 13 13 14 14 14 12 17 13 18 8 16 11 21 6 20 7 20 7 11 15 20 21 22 8 16 19 20 9 16 20 22 10 12 16 17 22 11 14 21 22 23 20 21 22 13 17 18 22 14 17 18 22 18 22 23
12 17 13 18 8 16 11 21 6 20 7 20 7 11 15 20 21 22 8 16 19 20 9 16 20 22 10 12 16 17 22 11 14 21 22 23 20 21 22 13 17 18 22 14 17 18 22 18 22 23 0 0 1 1 2 2 3 3 4 4 5 5 6 6 6 6 6 6 7 7 7 7 8 8 8 8 9 9 9 9 9 10 10 10 10 10 11 11 11 12 12 12 12 13 13 13 13 14 14 14
-102.87825526999995
ir-8612-a
H H H H H H C C C C C C C C O Ir Ir Ir Ir Ir Ir Ir Ir Ir
0 0 1 1 2 2 3 3 3 4 4 4 5 5 6 6 6 6 6 7 7 7 7 8 8 8 8 9 9 9 9 9 10 10 10 10 10 11 11 11 12 12 12 12 13 13 13 14 14 14 12 17 13 22 7 19 8 15 16 6 20 23 11 20 7 11 19 20 23 8 16 19 20 9 15 16 19 10 12 16 17 22 11 13 16 20 22 20 21 22 14 16 17 22 14 18 22 17 18 22
12 17 13 22 7 19 8 15 16 6 20 23 11 20 7 11 19 20 23 8 16 19 20 9 15 16 19 10 12 16 17 22 11 13 16 20 22 20 21 22 14 16 17 22 14 18 22 17 18 22 0 0 1 1 2 2 3 3 3 4 4 4 5 5 6 6 6 6 6 7 7 7 7 8 8 8 8 9 9 9 9 9 10 10 10 10 10 11 11 11 12 12 12 12 13 13 13 14 14 14
-102.70841593
ir-86S1-a
H H H H H H C C C C C C C C S Ir Ir Ir Ir Ir Ir Ir Ir Ir
0 0 1 1 2 2 3 3 4 4 5 5 5 6 6 6 6 6 7 7 7 7 8 8 8 8 9 9 9 9 9 10 10 10 10 10 11 11 11 12 12 12 12 13 13 13 13 14 14 14 14 12 18 13 23 8 17 11 20 6 15 7 15 16 7 11 15 19 20 8 15 16 17 9 15 17 22 10 12 17 18 22 11 14 20 21 22 15 20 22 13 18 22 23 14 18 22 23 16 21 22 23
12 18 13 23 8 17 11 20 6 15 7 15 16 7 11 15 19 20 8 15 16 17 9 15 17 22 10 12 17 18 22 11 14 20 21 22 15 20 22 13 18 22 23 14 18 22 23 16 21 22 23 0 0 1 1 2 2 3 3 4 4 5 5 5 6 6 6 6 6 7 7 7 7 8 8 8 8 9 9 9 9 9 10 10 10 10 10 11 11 11 12 12 12 12 13 13 13 13 14 14 14 14
-101.22290181999995
ir-86S2-a
H H H H H H C C C C C C C C S Ir Ir Ir Ir Ir Ir Ir Ir Ir
0 0 1 1 2 2 2 3 3 4 4 4 5 5 6 6 6 6 6 7 7 7 7 8 8 8 8 9 9 9 9 9 10 10 10 10 10 11 11 11 12 12 12 12 13 13 13 13 14 14 14 13 18 12 21 6 15 19 11 20 7 15 16 8 17 7 11 15 19 20 8 15 16 17 9 15 17 22 10 13 17 18 22 11 12 20 21 22 15 20 22 14 21 22 23 14 18 22 23 16 22 23
13 18 12 21 6 15 19 11 20 7 15 16 8 17 7 11 15 19 20 8 15 16 17 9 15 17 22 10 13 17 18 22 11 12 20 21 22 15 20 22 14 21 22 23 14 18 22 23 16 22 23 0 0 1 1 2 2 2 3 3 4 4 4 5 5 6 6 6 6 6 7 7 7 7 8 8 8 8 9 9 9 9 9 10 10 10 10 10 11 11 11 12 12 12 12 13 13 13 13 14 14 14
-101.25196155999998
ir-87N1-a
H H H H H H H C C C C C C C C N Ir Ir Ir Ir Ir Ir Ir Ir Ir
0 0 1 1 2 2 3 3 4 4 5 5 6 6 7 7 7 7 7 7 8 8 8 8 9 9 9 9 10 10 10 10 10 11 11 11 11 11 12 12 12 13 13 13 13 14 14 14 15 15 15 15 22 13 19 14 24 9 18 7 16 8 16 12 21 8 12 16 20 21 23 9 16 17 18 10 16 18 23 11 13 18 19 23 12 15 21 22 23 16 21 23 14 19 23 24 15 23 24 22 23 24
15 22 13 19 14 24 9 18 7 16 8 16 12 21 8 12 16 20 21 23 9 16 17 18 10 16 18 23 11 13 18 19 23 12 15 21 22 23 16 21 23 14 19 23 24 15 23 24 22 23 24 0 0 1 1 2 2 3 3 4 4 5 5 6 6 7 7 7 7 7 7 8 8 8 8 9 9 9 9 10 10 10 10 10 11 11 11 11 11 12 12 12 13 13 13 13 14 14 14 15 15 15
-108.62842639999997
ir-87N2-a
H H H H H H H C C C C C C C C N Ir Ir Ir Ir Ir Ir Ir Ir Ir
0 0 1 1 2 2 3 3 4 4 5 5 6 6 7 7 7 7 7 8 8 8 8 9 9 9 9 10 10 10 10 11 11 11 11 11 12 12 12 12 13 13 13 13 14 14 14 14 15 15 15 24 14 19 13 22 7 16 10 21 8 16 9 18 8 10 16 20 21 9 16 17 18 12 16 18 23 11 16 21 23 12 13 21 22 23 14 18 19 23 15 22 23 24 15 19 23 24 23 24
15 24 14 19 13 22 7 16 10 21 8 16 9 18 8 10 16 20 21 9 16 17 18 12 16 18 23 11 16 21 23 12 13 21 22 23 14 18 19 23 15 22 23 24 15 19 23 24 23 24 0 0 1 1 2 2 3 3 4 4 5 5 6 6 7 7 7 7 7 8 8 8 8 9 9 9 9 10 10 10 10 11 11 11 11 11 12 12 12 12 13 13 13 13 14 14 14 14 15 15
-108.67835219999995
ir-97N1-a
N H H H H H H H C C C C C C C C C Ir Ir Ir Ir Ir Ir Ir Ir Ir
0 0 0 0 0 1 1 2 2 3 3 4 4 5 5 5 6 6 7 7 8 8 8 8 8 9 9 9 9 10 10 10 10 10 11 11 11 11 12 12 12 12 13 13 13 13 14 14 14 14 15 15 15 15 16 16 16 16 11 16 20 24 25 8 17 9 17 12 22 10 19 16 21 25 14 23 15 25 9 12 17 21 22 10 17 18 19 11 17 19 20 24 13 19 20 24 13 17 22 24 14 22 23 24 15 23 24 25 16 18 23 25 20 21 24 25
11 16 20 24 25 8 17 9 17 12 22 10 19 16 21 25 14 23 15 25 9 12 17 21 22 10 17 18 19 11 17 19 20 24 13 19 20 24 13 17 22 24 14 22 23 24 15 23 24 25 16 18 23 25 20 21 24 25 0 0 0 0 0 1 1 2 2 3 3 4 4 5 5 5 6 6 7 7 8 8 8 8 8 9 9 9 9 10 10 10 10 10 11 11 11 11 12 12 12 12 13 13 13 13 14 14 14 14 15 15 15 15 16 16 16 16
-117.93872234999992
ir-97N2-a
N H H H H H H H C C C C C C C C C Ir Ir Ir Ir Ir Ir Ir Ir Ir
0 0 0 0 0 1 1 2 2 3 3 3 4 4 5 5 6 6 6 7 7 8 8 8 8 8 9 9 9 9 10 10 10 10 11 11 11 11 11 12 12 12 12 12 13 13 13 14 14 14 15 15 15 15 16 16 16 14 16 23 24 25 14 20 15 23 16 18 23 10 19 13 22 8 17 21 9 17 9 13 17 21 22 10 17 18 19 11 17 19 24 12 14 19 20 24 13 15 22 23 24 17 22 24 20 24 25 16 22 23 24 18 23 25
14 16 23 24 25 14 20 15 23 16 18 23 10 19 13 22 8 17 21 9 17 9 13 17 21 22 10 17 18 19 11 17 19 24 12 14 19 20 24 13 15 22 23 24 17 22 24 20 24 25 16 22 23 24 18 23 25 0 0 0 0 0 1 1 2 2 3 3 3 4 4 5 5 6 6 6 7 7 8 8 8 8 8 9 9 9 9 10 10 10 10 11 11 11 11 11 12 12 12 12 12 13 13 13 14 14 14 15 15 15 15 16 16 16
-117.16529072999992
ir-9801-a
C H H H H H H H H C C C C C C C C Ir Ir Ir Ir Ir Ir Ir Ir Ir
0 0 0 0 0 0 1 2 2 3 3 4 5 5 5 6 6 7 7 8 8 9 9 9 9 9 10 10 10 10 11 11 11 11 12 12 12 12 12 13 13 13 13 13 14 14 14 15 15 15 16 16 16 4 15 16 20 24 25 15 15 23 16 20 25 10 17 18 11 19 9 17 14 22 10 14 17 21 22 11 17 18 19 12 17 19 24 13 16 19 20 24 14 15 22 23 24 17 22 24 23 24 25 20 24 25
4 15 16 20 24 25 15 15 23 16 20 25 10 17 18 11 19 9 17 14 22 10 14 17 21 22 11 17 18 19 12 17 19 24 13 16 19 20 24 14 15 22 23 24 17 22 24 23 24 25 20 24 25 0 0 0 0 0 0 1 2 2 3 3 4 5 5 5 6 6 7 7 8 8 9 9 9 9 9 10 10 10 10 11 11 11 11 12 12 12 12 12 13 13 13 13 13 14 14 14 15 15 15 16 16 16
-113.15417619999994
ir-9802-a
C H H H H H H H H C C C C C C C C Ir Ir Ir Ir Ir Ir Ir Ir
0 0 0 0 0 0 1 3 3 4 4 4 5 5 6 6 7 7 8 8 9 9 9 9 9 9 10 10 10 10 11 11 11 11 12 12 12 12 12 13 13 13 13 13 14 14 15 16 16 16 1 2 15 16 22 24 18 10 17 11 19 23 9 17 14 21 15 22 16 24 10 14 17 20 21 23 11 17 19 23 12 17 19 23 13 16 22 23 24 14 15 21 22 23 21 23 22 22 23 24
1 2 15 16 22 24 18 10 17 11 19 23 9 17 14 21 15 22 16 24 10 14 17 20 21 23 11 17 19 23 12 17 19 23 13 16 22 23 24 14 15 21 22 23 21 23 22 22 23 24 0 0 0 0 0 0 1 3 3 4 4 4 5 5 6 6 7 7 8 8 9 9 9 9 9 9 10 10 10 10 11 11 11 11 12 12 12 12 12 13 13 13 13 13 14 14 15 16 16 16
-113.01730886999997
ir-a801-a
C C H H H H H H H H C C C C C C C C Ir Ir Ir Ir Ir Ir Ir Ir Ir
0 0 0 0 0 0 1 1 1 1 1 2 2 3 3 4 4 5 5 6 6 7 7 8 9 10 10 10 10 10 11 11 11 11 12 12 12 12 13 13 13 13 14 14 14 14 14 15 15 15 16 16 16 16 17 17 17 1 8 17 21 22 26 9 13 21 25 26 10 18 11 18 12 20 15 23 16 24 17 26 26 21 11 15 18 22 23 12 18 19 20 13 18 20 25 14 20 21 25 15 16 23 24 25 18 23 25 17 24 25 26 19 24 26
1 8 17 21 22 26 9 13 21 25 26 10 18 11 18 12 20 15 23 16 24 17 26 26 21 11 15 18 22 23 12 18 19 20 13 18 20 25 14 20 21 25 15 16 23 24 25 18 23 25 17 24 25 26 19 24 26 0 0 0 0 0 0 1 1 1 1 1 2 2 3 3 4 4 5 5 6 6 7 7 8 9 10 10 10 10 10 11 11 11 11 12 12 12 12 13 13 13 13 14 14 14 14 14 15 15 15 16 16 16 16 17 17 17
-122.86741033999999
ni-8611-a
H H H H H H C C C C C C C C O Ni Ni Ni Ni Ni Ni Ni Ni Ni Ni
0 0 1 1 2 2 2 3 3 4 4 5 5 6 6 6 6 6 7 7 7 7 8 8 8 8 9 9 9 9 9 10 10 10 11 11 11 12 12 12 12 13 13 13 14 14 14 12 18 13 19 8 16 17 11 22 6 21 7 20 7 11 16 20 21 8 16 20 21 9 16 17 18 10 12 16 18 23 11 14 23 21 22 23 13 15 18 19 14 19 23 19 23 24
12 18 13 19 8 16 17 11 22 6 21 7 20 7 11 16 20 21 8 16 20 21 9 16 17 18 10 12 16 18 23 11 14 23 21 22 23 13 15 18 19 14 19 23 19 23 24 0 0 1 1 2 2 2 3 3 4 4 5 5 6 6 6 6 6 7 7 7 7 8 8 8 8 9 9 9 9 9 10 10 10 11 11 11 12 12 12 12 13 13 13 14 14 14
-102.30430798999998
ni-8612-a
H H H H H H C C C C C C C C O Ni Ni Ni Ni Ni Ni Ni Ni Ni Ni
0 0 1 2 2 3 3 4 4 5 5 6 6 6 6 6 7 7 7 7 8 8 8 8 9 9 9 9 9 10 10 10 10 10 11 11 11 12 12 12 12 13 13 13 13 14 14 14 12 17 13 7 19 8 15 6 24 11 20 7 11 19 20 24 8 16 19 20 9 15 16 19 10 12 16 17 22 11 13 16 20 22 20 21 22 14 16 17 22 14 18 22 23 17 18 22
12 17 13 7 19 8 15 6 24 11 20 7 11 19 20 24 8 16 19 20 9 15 16 19 10 12 16 17 22 11 13 16 20 22 20 21 22 14 16 17 22 14 18 22 23 17 18 22 0 0 1 2 2 3 3 4 4 5 5 6 6 6 6 6 7 7 7 7 8 8 8 8 9 9 9 9 9 10 10 10 10 10 11 11 11 12 12 12 12 13 13 13 13 14 14 14
-102.3744777
ni-86S1-a
H H H H H H C C C C C C C C S Ni Ni Ni Ni Ni Ni Ni Ni Ni
0 0 1 1 2 2 3 3 4 5 5 6 6 6 6 6 7 7 7 7 8 8 8 8 9 9 9 9 9 10 10 10 10 10 11 11 11 12 12 12 12 13 13 13 14 14 14 14 12 18 13 23 8 17 11 20 6 7 16 7 11 15 19 20 8 15 16 17 9 15 17 22 10 12 17 18 22 11 14 20 21 22 15 20 22 13 18 22 23 14 22 23 16 21 22 23
12 18 13 23 8 17 11 20 6 7 16 7 11 15 19 20 8 15 16 17 9 15 17 22 10 12 17 18 22 11 14 20 21 22 15 20 22 13 18 22 23 14 22 23 16 21 22 23 0 0 1 1 2 2 3 3 4 5 5 6 6 6 6 6 7 7 7 7 8 8 8 8 9 9 9 9 9 10 10 10 10 10 11 11 11 12 12 12 12 13 13 13 14 14 14 14
-100.70893372
ni-86S2-a
H H H H H H C C C C C C C C S Ni Ni Ni Ni Ni Ni Ni Ni Ni Ni
0 0 1 1 2 2 3 3 4 4 5 5 6 6 6 6 6 7 7 7 7 8 8 8 8 9 9 9 9 9 10 10 10 10 10 11 11 11 12 12 12 12 13 13 13 13 14 14 14 14 14 14 14 13 18 12 21 6 19 11 20 7 16 8 17 7 11 15 19 20 8 15 16 17 9 15 17 22 10 13 17 18 22 11 12 20 21 22 15 20 22 14 21 22 23 14 18 22 23 16 18 19 21 22 23 24
13 18 12 21 6 19 11 20 7 16 8 17 7 11 15 19 20 8 15 16 17 9 15 17 22 10 13 17 18 22 11 12 20 21 22 15 20 22 14 21 22 23 14 18 22 23 16 18 19 21 22 23 24 0 0 1 1 2 2 3 3 4 4 5 5 6 6 6 6 6 7 7 7 7 8 8 8 8 9 9 9 9 9 10 10 10 10 10 11 11 11 12 12 12 12 13 13 13 13 14 14 14 14 14 14 14
-100.67704769
ni-87N1-a
H H H H H H H C C C C C C C C N Ni Ni Ni Ni Ni Ni Ni Ni Ni
0 0 1 1 2 2 3 3 4 4 5 5 6 6 7 7 7 7 7 8 8 8 8 9 9 9 9 10 10 10 10 10 11 11 11 11 11 12 12 12 13 13 13 13 14 14 14 15 15 15 22 13 19 14 24 9 18 7 16 8 17 12 21 8 12 16 20 21 9 16 17 18 10 16 18 23 11 13 18 19 23 12 15 21 22 23 16 21 23 14 19 23 24 15 22 24 22 24
15 22 13 19 14 24 9 18 7 16 8 17 12 21 8 12 16 20 21 9 16 17 18 10 16 18 23 11 13 18 19 23 12 15 21 22 23 16 21 23 14 19 23 24 15 22 24 22 24 0 0 1 1 2 2 3 3 4 4 5 5 6 6 7 7 7 7 7 8 8 8 8 9 9 9 9 10 10 10 10 10 11 11 11 11 11 12 12 12 13 13 13 13 14 14 14 15 15
-108.23289478999999
ni-87N2-a
H H H H H H H C C C C C C C C N Ni Ni Ni Ni Ni Ni Ni Ni Ni
0 0 1 1 2 2 3 3 4 4 5 5 6 6 7 7 7 7 7 8 8 8 8 9 9 9 9 10 10 10 10 11 11 11 11 11 12 12 12 12 13 13 13 13 14 14 14 14 15 15 15 24 14 19 13 22 7 20 10 21 8 17 9 18 8 10 16 20 21 9 16 17 18 12 16 18 23 11 16 21 23 12 13 21 22 23 14 18 19 23 15 22 23 24 15 19 23 24 23 24
15 24 14 19 13 22 7 20 10 21 8 17 9 18 8 10 16 20 21 9 16 17 18 12 16 18 23 11 16 21 23 12 13 21 22 23 14 18 19 23 15 22 23 24 15 19 23 24 23 24 0 0 1 1 2 2 3 3 4 4 5 5 6 6 7 7 7 7 7 8 8 8 8 9 9 9 9 10 10 10 10 11 11 11 11 11 12 12 12 12 13 13 13 13 14 14 14 14 15 15
-108.25941876000002
ni-97N1-a
N H H H H H H H C C C C C C C C C Ni Ni Ni Ni Ni Ni Ni Ni Ni
0 0 0 0 0 1 2 2 3 3 4 4 5 5 5 6 6 7 8 8 8 8 8 9 9 9 9 10 10 10 10 11 11 11 11 12 12 12 12 13 13 13 13 14 14 14 14 15 15 15 15 16 16 16 11 16 20 24 25 8 9 18 12 22 10 19 16 21 25 14 23 15 9 12 17 21 22 10 17 18 19 11 17 19 24 13 19 20 24 13 17 22 24 14 22 23 24 15 23 24 25 16 18 23 25 20 21 25
11 16 20 24 25 8 9 18 12 22 10 19 16 21 25 14 23 15 9 12 17 21 22 10 17 18 19 11 17 19 24 13 19 20 24 13 17 22 24 14 22 23 24 15 23 24 25 16 18 23 25 20 21 25 0 0 0 0 0 1 2 2 3 3 4 4 5 5 5 6 6 7 8 8 8 8 8 9 9 9 9 10 10 10 10 11 11 11 11 12 12 12 12 13 13 13 13 14 14 14 14 15 15 15 15 16 16 16
-117.81756652999997
ni-97N2-a
N H H H H H H H C C C C C C C C C Ni Ni Ni Ni Ni Ni Ni Ni Ni Ni Ni Ni
0 0 0 0 0 1 1 2 2 3 3 4 4 5 5 6 6 7 7 8 8 8 8 8 9 9 9 9 10 10 10 10 11 11 11 11 11 12 12 12 12 12 13 13 13 14 14 14 15 15 15 15 16 16 16 14 16 25 26 27 14 22 15 25 16 20 10 19 13 28 8 23 9 18 9 13 19 23 24 10 18 19 23 11 19 21 26 12 14 19 24 26 13 15 24 25 26 23 24 28 22 26 27 16 17 24 25 20 25 27
14 16 25 26 27 14 22 15 25 16 20 10 19 13 28 8 23 9 18 9 13 19 23 24 10 18 19 23 11 19 21 26 12 14 19 24 26 13 15 24 25 26 23 24 28 22 26 27 16 17 24 25 20 25 27 0 0 0 0 0 1 1 2 2 3 3 4 4 5 5 6 6 7 7 8 8 8 8 8 9 9 9 9 10 10 10 10 11 11 11 11 11 12 12 12 12 12 13 13 13 14 14 14 15 15 15 15 16 16 16
-117.85779858000001
ni-9801-a
C H H H H H H H H C C C C C C C C Ni Ni Ni Ni Ni Ni Ni Ni Ni
0 0 0 0 0 1 2 2 3 3 4 5 5 6 6 7 7 8 8 9 9 9 9 9 10 10 10 10 11 11 11 11 12 12 12 12 12 13 13 13 13 13 14 14 14 15 15 15 16 16 16 4 15 16 24 25 15 15 23 16 20 25 10 18 11 19 9 21 14 22 10 14 17 21 22 11 17 18 19 12 17 19 24 13 16 19 20 24 14 15 22 23 24 17 22 24 23 24 25 20 24 25
4 15 16 24 25 15 15 23 16 20 25 10 18 11 19 9 21 14 22 10 14 17 21 22 11 17 18 19 12 17 19 24 13 16 19 20 24 14 15 22 23 24 17 22 24 23 24 25 20 24 25 0 0 0 0 0 1 2 2 3 3 4 5 5 6 6 7 7 8 8 9 9 9 9 9 10 10 10 10 11 11 11 11 12 12 12 12 12 13 13 13 13 13 14 14 14 15 15 15 16 16 16
-112.68674972999997
ni-9802-a
C H H H H H H H H C C C C C C C C Ni Ni Ni Ni Ni Ni Ni Ni Ni Ni
0 0 0 0 0 0 0 1 3 3 4 4 5 5 6 6 7 7 8 8 9 9 9 9 9 10 10 10 10 11 11 11 11 11 12 12 12 12 12 13 13 13 13 13 14 14 15 15 16 16 16 1 2 15 16 19 24 26 19 10 18 11 20 9 22 14 23 15 24 16 26 10 14 18 22 23 11 18 20 25 12 18 20 21 25 13 16 24 25 26 14 15 23 24 25 23 24 17 24 24 25 26
1 2 15 16 19 24 26 19 10 18 11 20 9 22 14 23 15 24 16 26 10 14 18 22 23 11 18 20 25 12 18 20 21 25 13 16 24 25 26 14 15 23 24 25 23 24 17 24 24 25 26 0 0 0 0 0 0 0 1 3 3 4 4 5 5 6 6 7 7 8 8 9 9 9 9 9 10 10 10 10 11 11 11 11 11 12 12 12 12 12 13 13 13 13 13 14 14 15 15 16 16 16
-112.69199997999999
ni-a801-a
C C H H H H H H H H C C C C C C C C Ni Ni Ni Ni Ni Ni Ni Ni Ni
0 0 0 0 0 0 1 1 1 1 1 2 2 3 3 4 4 5 5 6 6 7 7 8 9 10 10 10 10 10 11 11 11 11 12 12 12 12 13 13 13 13 14 14 14 14 14 15 15 15 16 16 16 16 17 17 17 1 8 17 21 22 26 9 13 21 25 26 10 22 11 19 12 20 15 23 16 24 17 19 22 21 11 15 18 22 23 12 18 19 20 13 18 20 25 14 20 21 25 15 16 23 24 25 18 23 25 17 24 25 26 19 24 26
1 8 17 21 22 26 9 13 21 25 26 10 22 11 19 12 20 15 23 16 24 17 19 22 21 11 15 18 22 23 12 18 19 20 13 18 20 25 14 20 21 25 15 16 23 24 25 18 23 25 17 24 25 26 19 24 26 0 0 0 0 0 0 1 1 1 1 1 2 2 3 3 4 4 5 5 6 6 7 7 8 9 10 10 10 10 10 11 11 11 11 12 12 12 12 13 13 13 13 14 14 14 14 14 15 15 15 16 16 16 16 17 17 17
-122.52036582
os-8611-a
H H H H H H C C C C C C C C O Os Os Os Os Os Os Os Os
0 0 1 1 2 2 3 3 4 4 5 5 6 6 6 6 6 7 7 7 7 8 8 8 9 9 9 9 9 10 10 10 11 11 11 12 12 12 12 12 13 13 13 13 13 14 14 12 17 13 18 8 16 11 21 6 20 7 19 7 11 16 20 22 8 16 19 20 9 16 17 10 12 16 17 22 11 14 22 20 21 22 13 15 17 18 22 14 15 17 18 22 18 22
12 17 13 18 8 16 11 21 6 20 7 19 7 11 16 20 22 8 16 19 20 9 16 17 10 12 16 17 22 11 14 22 20 21 22 13 15 17 18 22 14 15 17 18 22 18 22 0 0 1 1 2 2 3 3 4 4 5 5 6 6 6 6 6 7 7 7 7 8 8 8 9 9 9 9 9 10 10 10 11 11 11 12 12 12 12 12 13 13 13 13 13 14 14
-103.08208228000001
os-8612-a
H H H H H H C C C C C C C C O Os Os Os Os Os Os Os Os Os Os
0 0 1 1 2 2 3 3 3 4 4 4 5 5 6 6 6 6 6 7 7 7 7 8 8 8 8 9 9 9 9 9 10 10 10 10 10 11 11 11 12 12 12 12 13 13 13 13 14 14 14 12 17 13 22 7 19 8 15 16 6 20 24 11 20 7 11 19 20 24 8 16 19 20 9 15 16 19 10 12 16 17 22 11 13 16 20 22 20 21 22 14 16 17 22 14 18 22 23 17 18 22
12 17 13 22 7 19 8 15 16 6 20 24 11 20 7 11 19 20 24 8 16 19 20 9 15 16 19 10 12 16 17 22 11 13 16 20 22 20 21 22 14 16 17 22 14 18 22 23 17 18 22 0 0 1 1 2 2 3 3 3 4 4 4 5 5 6 6 6 6 6 7 7 7 7 8 8 8 8 9 9 9 9 9 10 10 10 10 10 11 11 11 12 12 12 12 13 13 13 13 14 14 14
-102.90672638000001
os-86S1-a
H H H H H H C C C C C C C C S Os Os Os Os Os Os Os Os Os
0 0 1 1 2 2 3 3 4 4 4 5 5 5 6 6 6 6 6 7 7 7 7 8 8 8 8 9 9 9 9 9 10 10 10 10 10 11 11 11 12 12 12 12 13 13 13 13 14 14 14 14 12 18 13 23 8 17 11 20 6 15 19 7 15 16 7 11 15 19 20 8 15 16 17 9 15 17 22 10 12 17 18 22 11 14 20 21 22 15 20 22 13 18 22 23 14 18 22 23 16 21 22 23
12 18 13 23 8 17 11 20 6 15 19 7 15 16 7 11 15 19 20 8 15 16 17 9 15 17 22 10 12 17 18 22 11 14 20 21 22 15 20 22 13 18 22 23 14 18 22 23 16 21 22 23 0 0 1 1 2 2 3 3 4 4 4 5 5 5 6 6 6 6 6 7 7 7 7 8 8 8 8 9 9 9 9 9 10 10 10 10 10 11 11 11 12 12 12 12 13 13 13 13 14 14 14 14
-101.35588429000006
os-86S2-a
H H H H H H C C C C C C C C S Os Os Os Os Os Os Os Os Os
0 0 1 1 2 2 2 3 3 4 4 4 5 5 6 6 6 6 6 7 7 7 7 8 8 8 8 9 9 9 9 9 10 10 10 10 10 11 11 11 12 12 12 12 13 13 13 13 14 14 14 14 14 13 18 12 21 6 15 19 11 20 7 15 16 8 17 7 11 15 19 20 8 15 16 17 9 15 17 22 10 13 17 18 22 11 12 20 21 22 15 20 22 14 21 22 23 14 18 22 23 16 18 21 22 23
13 18 12 21 6 15 19 11 20 7 15 16 8 17 7 11 15 19 20 8 15 16 17 9 15 17 22 10 13 17 18 22 11 12 20 21 22 15 20 22 14 21 22 23 14 18 22 23 16 18 21 22 23 0 0 1 1 2 2 2 3 3 4 4 4 5 5 6 6 6 6 6 7 7 7 7 8 8 8 8 9 9 9 9 9 10 10 10 10 10 11 11 11 12 12 12 12 13 13 13 13 14 14 14 14 14
-101.44506507000006
os-87N1-a
H H H H H H H C C C C C C C C N Os Os Os Os Os Os Os Os Os
0 0 1 1 2 2 3 3 4 4 4 5 5 6 6 7 7 7 7 7 8 8 8 8 8 9 9 9 9 10 10 10 10 10 11 11 11 11 11 12 12 12 13 13 13 13 14 14 14 14 15 15 15 22 13 19 14 24 9 18 7 16 20 8 16 12 21 8 12 16 20 21 9 16 17 18 23 10 16 18 23 11 13 18 19 23 12 15 21 22 23 16 21 23 14 19 23 24 15 22 23 24 22 23
15 22 13 19 14 24 9 18 7 16 20 8 16 12 21 8 12 16 20 21 9 16 17 18 23 10 16 18 23 11 13 18 19 23 12 15 21 22 23 16 21 23 14 19 23 24 15 22 23 24 22 23 0 0 1 1 2 2 3 3 4 4 4 5 5 6 6 7 7 7 7 7 8 8 8 8 8 9 9 9 9 10 10 10 10 10 11 11 11 11 11 12 12 12 13 13 13 13 14 14 14 14 15 15
-108.66165407000005
os-87N2-a
H H H H H H H C C C C C C C C N Os Os Os Os Os Os Os Os Os
0 0 1 1 2 2 3 3 3 4 4 5 5 5 6 6 7 7 7 7 7 8 8 8 8 9 9 9 9 10 10 10 10 11 11 11 11 11 12 12 12 12 13 13 13 13 14 14 14 14 15 15 15 24 14 19 13 22 7 16 20 10 21 8 16 17 9 18 8 10 16 20 21 9 16 17 18 12 16 18 23 11 16 21 23 12 13 21 22 23 14 18 19 23 15 22 23 24 15 19 23 24 23 24
15 24 14 19 13 22 7 16 20 10 21 8 16 17 9 18 8 10 16 20 21 9 16 17 18 12 16 18 23 11 16 21 23 12 13 21 22 23 14 18 19 23 15 22 23 24 15 19 23 24 23 24 0 0 1 1 2 2 3 3 3 4 4 5 5 5 6 6 7 7 7 7 7 8 8 8 8 9 9 9 9 10 10 10 10 11 11 11 11 11 12 12 12 12 13 13 13 13 14 14 14 14 15 15
-108.99681911000005
os-97N1-a
N H H H H H H H C C C C C C C C C Os Os Os Os Os Os Os Os Os
0 0 0 0 0 1 1 1 2 2 2 3 3 4 4 5 5 5 6 6 7 7 8 8 8 8 8 9 9 9 9 10 10 10 10 10 11 11 11 11 12 12 12 12 13 13 13 13 14 14 14 14 15 15 15 15 16 16 16 16 11 16 20 24 25 8 17 21 9 17 18 12 22 10 19 16 21 25 14 23 15 25 9 12 17 21 22 10 17 18 19 11 17 19 20 24 13 19 20 24 13 17 22 24 14 22 23 24 15 23 24 25 16 18 23 25 20 21 24 25
11 16 20 24 25 8 17 21 9 17 18 12 22 10 19 16 21 25 14 23 15 25 9 12 17 21 22 10 17 18 19 11 17 19 20 24 13 19 20 24 13 17 22 24 14 22 23 24 15 23 24 25 16 18 23 25 20 21 24 25 0 0 0 0 0 1 1 1 2 2 2 3 3 4 4 5 5 5 6 6 7 7 8 8 8 8 8 9 9 9 9 10 10 10 10 10 11 11 11 11 12 12 12 12 13 13 13 13 14 14 14 14 15 15 15 15 16 16 16 16
-118.21878734000006
os-97N2-a
N H H H H H H H C C C C C C C C C Os Os Os Os Os Os Os Os Os
0 0 0 0 1 1 2 2 3 3 4 4 5 5 6 6 6 7 7 8 8 8 8 8 9 9 9 9 10 10 10 10 11 11 11 11 11 12 12 12 12 12 13 13 13 14 14 14 15 15 15 15 16 16 16 14 16 24 25 14 20 15 23 16 18 10 19 13 22 8 17 21 9 17 9 13 17 21 22 10 17 18 19 11 17 19 24 12 14 19 20 24 13 15 22 23 24 17 22 24 20 24 25 16 22 23 24 18 23 25
14 16 24 25 14 20 15 23 16 18 10 19 13 22 8 17 21 9 17 9 13 17 21 22 10 17 18 19 11 17 19 24 12 14 19 20 24 13 15 22 23 24 17 22 24 20 24 25 16 22 23 24 18 23 25 0 0 0 0 1 1 2 2 3 3 4 4 5 5 6 6 6 7 7 8 8 8 8 8 9 9 9 9 10 10 10 10 11 11 11 11 11 12 12 12 12 12 13 13 13 14 14 14 15 15 15 15 16 16 16
-118.07029169000009
os-9801-a
C H H H H H H H H C C C C C C C C Os Os Os Os Os Os Os Os Os
0 0 0 0 0 0 1 2 2 3 3 4 5 5 5 6 6 7 7 8 8 9 9 9 9 9 9 10 10 10 10 11 11 11 11 12 12 12 12 12 13 13 13 13 13 14 14 14 15 15 15 16 16 16 4 15 16 20 24 25 15 15 23 16 20 25 10 17 18 11 19 9 17 14 22 10 14 17 21 22 24 11 17 18 19 12 17 19 24 13 16 19 20 24 14 15 22 23 24 17 22 24 23 24 25 20 24 25
4 15 16 20 24 25 15 15 23 16 20 25 10 17 18 11 19 9 17 14 22 10 14 17 21 22 24 11 17 18 19 12 17 19 24 13 16 19 20 24 14 15 22 23 24 17 22 24 23 24 25 20 24 25 0 0 0 0 0 0 1 2 2 3 3 4 5 5 5 6 6 7 7 8 8 9 9 9 9 9 9 10 10 10 10 11 11 11 11 12 12 12 12 12 13 13 13 13 13 14 14 14 15 15 15 16 16 16
-113.20465601000001
os-9802-a
C H H H H H H H H C C C C C C C C Os Os Os Os Os Os Os Os Os
0 0 0 0 0 0 1 3 3 4 4 4 5 5 6 6 7 7 8 8 9 9 9 9 9 10 10 10 10 11 11 11 11 12 12 12 12 12 13 13 13 13 13 14 14 14 15 16 16 16 16 1 2 15 16 23 25 18 10 17 11 19 24 9 21 14 22 15 23 16 25 10 14 17 21 22 11 17 19 24 12 17 19 24 13 16 23 24 25 14 15 22 23 24 22 23 24 23 20 23 24 25
1 2 15 16 23 25 18 10 17 11 19 24 9 21 14 22 15 23 16 25 10 14 17 21 22 11 17 19 24 12 17 19 24 13 16 23 24 25 14 15 22 23 24 22 23 24 23 20 23 24 25 0 0 0 0 0 0 1 3 3 4 4 4 5 5 6 6 7 7 8 8 9 9 9 9 9 10 10 10 10 11 11 11 11 12 12 12 12 12 13 13 13 13 13 14 14 14 15 16 16 16 16
-113.5095867
os-a801-a
C C H H H H H H H H C C C C C C C C Os Os Os Os Os Os Os Os Os
0 0 0 0 0 0 1 1 1 1 1 2 2 2 3 3 3 4 4 5 5 6 6 7 7 7 8 8 9 10 10 10 10 10 11 11 11 11 12 12 12 12 13 13 13 13 14 14 14 14 14 15 15 15 16 16 16 16 17 17 17 1 8 17 21 22 26 9 13 21 25 26 10 18 22 11 18 19 12 20 15 23 16 24 17 19 26 22 26 21 11 15 18 22 23 12 18 19 20 13 18 20 25 14 20 21 25 15 16 23 24 25 18 23 25 17 24 25 26 19 24 26
1 8 17 21 22 26 9 13 21 25 26 10 18 22 11 18 19 12 20 15 23 16 24 17 19 26 22 26 21 11 15 18 22 23 12 18 19 20 13 18 20 25 14 20 21 25 15 16 23 24 25 18 23 25 17 24 25 26 19 24 26 0 0 0 0 0 0 1 1 1 1 1 2 2 2 3 3 3 4 4 5 5 6 6 7 7 7 8 8 9 10 10 10 10 10 11 11 11 11 12 12 12 12 13 13 13 13 14 14 14 14 14 15 15 15 16 16 16 16 17 17 17
-123.03460421
pd-8611-a
H H H H H H C C C C C C C C O Pd Pd Pd Pd Pd Pd Pd Pd Pd Pd
0 0 1 1 2 2 3 3 4 4 5 5 5 6 6 6 6 6 7 7 7 7 8 8 8 8 9 9 9 9 9 10 10 10 10 11 11 11 12 12 12 12 13 13 13 13 14 14 14 12 18 13 19 8 16 11 22 6 21 7 16 20 7 11 16 21 23 8 16 20 21 9 16 17 18 10 12 16 18 23 11 14 19 23 21 22 23 13 15 18 19 14 18 19 23 19 23 24
12 18 13 19 8 16 11 22 6 21 7 16 20 7 11 16 21 23 8 16 20 21 9 16 17 18 10 12 16 18 23 11 14 19 23 21 22 23 13 15 18 19 14 18 19 23 19 23 24 0 0 1 1 2 2 3 3 4 4 5 5 5 6 6 6 6 6 7 7 7 7 8 8 8 8 9 9 9 9 9 10 10 10 10 11 11 11 12 12 12 12 13 13 13 13 14 14 14
-102.58076513
pd-8612-a
H H H H H H C C C C C C C C O Pd Pd Pd Pd Pd Pd Pd Pd Pd
0 0 1 1 2 2 3 3 3 4 4 4 5 5 6 6 6 6 6 7 7 7 7 8 8 8 8 9 9 9 9 9 10 10 10 10 10 11 11 11 12 12 12 12 13 13 13 14 14 14 12 17 13 22 7 19 8 15 16 6 20 23 11 20 7 11 19 20 23 8 16 19 20 9 15 16 19 10 12 16 17 22 11 13 16 20 22 20 21 22 14 16 17 22 14 18 22 17 18 22
12 17 13 22 7 19 8 15 16 6 20 23 11 20 7 11 19 20 23 8 16 19 20 9 15 16 19 10 12 16 17 22 11 13 16 20 22 20 21 22 14 16 17 22 14 18 22 17 18 22 0 0 1 1 2 2 3 3 3 4 4 4 5 5 6 6 6 6 6 7 7 7 7 8 8 8 8 9 9 9 9 9 10 10 10 10 10 11 11 11 12 12 12 12 13 13 13 14 14 14
-102.66838838999999
pd-86S1-a
H H H H H H C C C C C C C C S Pd Pd Pd Pd Pd Pd Pd Pd Pd
0 0 1 1 2 2 3 3 4 4 5 5 5 6 6 6 6 6 7 7 7 7 8 8 8 8 9 9 9 9 9 10 10 10 10 10 11 11 11 12 12 12 12 13 13 13 13 14 14 14 14 12 18 13 23 8 17 11 20 6 15 7 15 16 7 11 15 19 20 8 15 16 17 9 15 17 22 10 12 17 18 22 11 14 20 21 22 15 20 22 13 18 22 23 14 18 22 23 16 21 22 23
12 18 13 23 8 17 11 20 6 15 7 15 16 7 11 15 19 20 8 15 16 17 9 15 17 22 10 12 17 18 22 11 14 20 21 22 15 20 22 13 18 22 23 14 18 22 23 16 21 22 23 0 0 1 1 2 2 3 3 4 4 5 5 5 6 6 6 6 6 7 7 7 7 8 8 8 8 9 9 9 9 9 10 10 10 10 10 11 11 11 12 12 12 12 13 13 13 13 14 14 14 14
-101.11373749000003
pd-86S2-a
H H H H H H C C C C C C C C S Pd Pd Pd Pd Pd Pd Pd Pd Pd
0 0 1 1 2 2 2 3 3 4 4 5 5 6 6 6 6 6 7 7 7 7 8 8 8 8 9 9 9 9 9 10 10 10 10 10 11 11 11 12 12 12 12 13 13 13 13 14 14 14 13 18 12 21 6 15 19 11 20 7 15 8 17 7 11 15 19 20 8 15 16 17 9 15 17 22 10 13 17 18 22 11 12 20 21 22 15 20 22 14 21 22 23 14 18 22 23 18 22 23
13 18 12 21 6 15 19 11 20 7 15 8 17 7 11 15 19 20 8 15 16 17 9 15 17 22 10 13 17 18 22 11 12 20 21 22 15 20 22 14 21 22 23 14 18 22 23 18 22 23 0 0 1 1 2 2 2 3 3 4 4 5 5 6 6 6 6 6 7 7 7 7 8 8 8 8 9 9 9 9 9 10 10 10 10 10 11 11 11 12 12 12 12 13 13 13 13 14 14 14
-101.10926322000003
pd-87N1-a
H H H H H H H C C C C C C C C N Pd Pd Pd Pd Pd Pd Pd Pd Pd
0 0 1 1 2 2 3 3 4 4 5 5 6 6 7 7 7 7 7 8 8 8 8 9 9 9 9 10 10 10 10 10 11 11 11 11 11 12 12 12 13 13 13 13 14 14 14 15 15 15 15 22 13 19 14 24 9 18 7 16 8 16 12 21 8 12 16 20 21 9 16 17 18 10 16 18 23 11 13 18 19 23 12 15 21 22 23 16 21 23 14 19 23 24 15 23 24 22 23 24
15 22 13 19 14 24 9 18 7 16 8 16 12 21 8 12 16 20 21 9 16 17 18 10 16 18 23 11 13 18 19 23 12 15 21 22 23 16 21 23 14 19 23 24 15 23 24 22 23 24 0 0 1 1 2 2 3 3 4 4 5 5 6 6 7 7 7 7 7 8 8 8 8 9 9 9 9 10 10 10 10 10 11 11 11 11 11 12 12 12 13 13 13 13 14 14 14 15 15 15
-108.69458915999999
pd-87N2-a
H H H H H H H C C C C C C C C N Pd Pd Pd Pd Pd Pd Pd Pd Pd
0 0 1 1 2 2 3 3 3 4 4 5 5 6 6 7 7 7 7 7 8 8 8 8 9 9 9 9 10 10 10 10 11 11 11 11 11 12 12 12 12 13 13 13 13 14 14 14 14 15 15 15 24 14 19 13 22 7 16 20 10 21 8 16 9 18 8 10 16 20 21 9 16 17 18 12 16 18 23 11 16 21 23 12 13 21 22 23 14 18 19 23 15 22 23 24 15 19 23 24 23 24
15 24 14 19 13 22 7 16 20 10 21 8 16 9 18 8 10 16 20 21 9 16 17 18 12 16 18 23 11 16 21 23 12 13 21 22 23 14 18 19 23 15 22 23 24 15 19 23 24 23 24 0 0 1 1 2 2 3 3 3 4 4 5 5 6 6 7 7 7 7 7 8 8 8 8 9 9 9 9 10 10 10 10 11 11 11 11 11 12 12 12 12 13 13 13 13 14 14 14 14 15 15
-108.54472636
pd-97N1-a
N H H H H H H H C C C C C C C C C Pd Pd Pd Pd Pd Pd Pd Pd Pd
0 0 0 0 0 1 1 2 2 3 3 4 4 5 5 5 6 6 7 7 8 8 8 8 8 9 9 9 9 10 10 10 10 11 11 11 11 12 12 12 12 13 13 13 13 14 14 14 14 15 15 15 15 16 16 16 11 16 20 24 25 8 17 9 17 12 22 10 19 16 21 25 14 23 15 25 9 12 17 21 22 10 17 18 19 11 17 19 24 13 19 20 24 13 17 22 24 14 22 23 24 15 23 24 25 16 18 23 25 20 21 25
11 16 20 24 25 8 17 9 17 12 22 10 19 16 21 25 14 23 15 25 9 12 17 21 22 10 17 18 19 11 17 19 24 13 19 20 24 13 17 22 24 14 22 23 24 15 23 24 25 16 18 23 25 20 21 25 0 0 0 0 0 1 1 2 2 3 3 4 4 5 5 5 6 6 7 7 8 8 8 8 8 9 9 9 9 10 10 10 10 11 11 11 11 12 12 12 12 13 13 13 13 14 14 14 14 15 15 15 15 16 16 16
-118.01700952000002
pd-97N2-a
N H H H H H H H C C C C C C C C C Pd Pd Pd Pd Pd Pd Pd Pd Pd
0 0 0 0 1 1 2 2 3 3 4 4 5 5 6 6 6 7 7 8 8 8 8 8 9 9 9 9 10 10 10 10 11 11 11 11 11 12 12 12 12 12 13 13 13 14 14 14 15 15 15 15 16 16 16 14 16 20 25 14 20 15 23 16 25 10 19 13 22 8 17 21 9 17 9 13 17 21 22 10 17 18 19 11 17 19 24 12 14 19 20 24 13 15 22 23 24 17 22 24 20 24 25 16 23 24 25 18 23 25
14 16 20 25 14 20 15 23 16 25 10 19 13 22 8 17 21 9 17 9 13 17 21 22 10 17 18 19 11 17 19 24 12 14 19 20 24 13 15 22 23 24 17 22 24 20 24 25 16 23 24 25 18 23 25 0 0 0 0 1 1 2 2 3 3 4 4 5 5 6 6 6 7 7 8 8 8 8 8 9 9 9 9 10 10 10 10 11 11 11 11 11 12 12 12 12 12 13 13 13 14 14 14 15 15 15 15 16 16 16
-117.71784463000003
pd-9801-a
C H H H H H H H H C C C C C C C C Pd Pd Pd Pd Pd Pd Pd Pd Pd
0 0 0 0 0 0 1 2 2 3 3 4 5 5 5 6 6 7 7 8 8 9 9 9 9 9 10 10 10 10 11 11 11 11 12 12 12 12 12 13 13 13 13 13 14 14 14 15 15 16 16 16 4 15 16 20 24 25 15 15 23 16 20 25 10 17 18 11 19 9 17 14 22 10 14 17 21 22 11 17 18 19 12 17 19 24 13 16 19 20 24 14 15 22 23 24 17 22 24 24 25 20 24 25
4 15 16 20 24 25 15 15 23 16 20 25 10 17 18 11 19 9 17 14 22 10 14 17 21 22 11 17 18 19 12 17 19 24 13 16 19 20 24 14 15 22 23 24 17 22 24 24 25 20 24 25 0 0 0 0 0 0 1 2 2 3 3 4 5 5 5 6 6 7 7 8 8 9 9 9 9 9 10 10 10 10 11 11 11 11 12 12 12 12 12 13 13 13 13 13 14 14 14 15 15 16 16 16
-113.07024697
pd-9802-a
C H H H H H H H H C C C C C C C C Pd Pd Pd Pd Pd Pd Pd Pd Pd
0 0 0 0 0 0 1 1 3 3 4 4 4 5 5 5 6 6 7 7 8 8 9 9 9 9 9 10 10 10 10 11 11 11 11 12 12 12 12 12 13 13 13 13 13 14 14 14 15 15 16 16 16 1 2 15 16 23 25 19 25 10 18 11 20 24 9 21 22 14 22 15 23 16 25 10 14 18 21 22 11 18 22 24 12 18 20 24 13 16 23 24 25 14 15 22 23 24 17 22 23 19 23 23 24 25
1 2 15 16 23 25 19 25 10 18 11 20 24 9 21 22 14 22 15 23 16 25 10 14 18 21 22 11 18 22 24 12 18 20 24 13 16 23 24 25 14 15 22 23 24 17 22 23 19 23 23 24 25 0 0 0 0 0 0 1 1 3 3 4 4 4 5 5 5 6 6 7 7 8 8 9 9 9 9 9 10 10 10 10 11 11 11 11 12 12 12 12 12 13 13 13 13 13 14 14 14 15 15 16 16 16
-113.00045979000001
pd-a801-a
C C H H H H H H H H C C C C C C C C Pd Pd Pd Pd Pd Pd Pd Pd Pd
0 0 0 0 0 0 1 1 1 1 1 2 2 2 3 3 4 4 5 5 6 6 7 7 8 9 10 10 10 10 10 11 11 11 11 12 12 12 12 13 13 13 13 14 14 14 14 14 15 15 15 16 16 16 16 17 17 17 1 8 17 21 22 26 9 13 21 25 26 10 18 22 11 18 12 20 15 23 16 24 17 26 26 21 11 15 18 22 23 12 18 19 20 13 18 20 25 14 20 21 25 15 16 23 24 25 18 23 25 17 24 25 26 19 24 26
1 8 17 21 22 26 9 13 21 25 26 10 18 22 11 18 12 20 15 23 16 24 17 26 26 21 11 15 18 22 23 12 18 19 20 13 18 20 25 14 20 21 25 15 16 23 24 25 18 23 25 17 24 25 26 19 24 26 0 0 0 0 0 0 1 1 1 1 1 2 2 2 3 3 4 4 5 5 6 6 7 7 8 9 10 10 10 10 10 11 11 11 11 12 12 12 12 13 13 13 13 14 14 14 14 14 15 15 15 16 16 16 16 17 17 17
-122.88403708000001
pt-8611-a
H H H H H H C C C C C C C C O Pt Pt Pt Pt Pt Pt Pt Pt
0 0 1 1 2 2 3 3 4 4 5 5 6 6 6 6 6 7 7 7 7 8 8 8 9 9 9 9 9 10 10 10 10 10 11 11 11 12 12 12 12 13 13 13 14 14 12 17 13 18 8 16 11 21 6 20 7 16 7 11 16 20 22 8 16 19 20 9 16 17 10 12 16 17 22 11 14 17 18 22 20 21 22 13 15 17 18 14 17 18 18 22
12 17 13 18 8 16 11 21 6 20 7 16 7 11 16 20 22 8 16 19 20 9 16 17 10 12 16 17 22 11 14 17 18 22 20 21 22 13 15 17 18 14 17 18 18 22 0 0 1 1 2 2 3 3 4 4 5 5 6 6 6 6 6 7 7 7 7 8 8 8 9 9 9 9 9 10 10 10 10 10 11 11 11 12 12 12 12 13 13 13 14 14
-102.26261700000003
pt-8612-a
H H H H H H C C C C C C C C O Pt Pt Pt Pt Pt Pt Pt
0 0 1 1 2 2 3 3 4 4 5 5 6 6 6 6 7 7 7 7 8 8 8 8 9 9 9 9 9 10 10 10 10 10 11 11 11 12 12 12 12 13 13 14 14 12 17 13 21 7 18 8 16 6 19 11 19 7 11 18 19 8 16 18 19 9 15 16 18 10 12 16 17 21 11 13 16 19 21 19 20 21 14 16 17 21 14 21 17 21
12 17 13 21 7 18 8 16 6 19 11 19 7 11 18 19 8 16 18 19 9 15 16 18 10 12 16 17 21 11 13 16 19 21 19 20 21 14 16 17 21 14 21 17 21 0 0 1 1 2 2 3 3 4 4 5 5 6 6 6 6 7 7 7 7 8 8 8 8 9 9 9 9 9 10 10 10 10 10 11 11 11 12 12 12 12 13 13 14 14
-102.46869533
pt-86S1-a
H H H H H H C C C C C C C C S Pt Pt Pt Pt Pt Pt Pt Pt Pt
0 0 1 1 2 2 3 3 4 4 5 5 6 6 6 6 6 7 7 7 7 8 8 8 8 9 9 9 9 9 10 10 10 10 10 11 11 11 12 12 12 12 13 13 13 13 14 14 14 12 18 13 23 8 17 11 20 6 15 7 15 7 11 15 19 20 8 15 16 17 9 15 17 22 10 12 17 18 22 11 14 20 21 22 15 20 22 13 18 22 23 14 18 22 23 21 22 23
12 18 13 23 8 17 11 20 6 15 7 15 7 11 15 19 20 8 15 16 17 9 15 17 22 10 12 17 18 22 11 14 20 21 22 15 20 22 13 18 22 23 14 18 22 23 21 22 23 0 0 1 1 2 2 3 3 4 4 5 5 6 6 6 6 6 7 7 7 7 8 8 8 8 9 9 9 9 9 10 10 10 10 10 11 11 11 12 12 12 12 13 13 13 13 14 14 14
-100.77777101999999
pt-86S2-a
H H H H H H C C C C C C C C S Pt Pt Pt Pt Pt Pt Pt Pt Pt
0 0 1 1 2 2 3 3 4 4 5 5 6 6 6 6 6 7 7 7 7 8 8 8 8 9 9 9 9 9 10 10 10 10 10 11 11 11 12 12 12 12 13 13 13 13 14 14 14 14 13 18 12 21 6 15 11 20 7 15 8 17 7 11 15 19 20 8 15 16 17 9 15 17 22 10 13 17 18 22 11 12 20 21 22 15 20 22 14 21 22 23 14 18 22 23 18 21 22 23
13 18 12 21 6 15 11 20 7 15 8 17 7 11 15 19 20 8 15 16 17 9 15 17 22 10 13 17 18 22 11 12 20 21 22 15 20 22 14 21 22 23 14 18 22 23 18 21 22 23 0 0 1 1 2 2 3 3 4 4 5 5 6 6 6 6 6 7 7 7 7 8 8 8 8 9 9 9 9 9 10 10 10 10 10 11 11 11 12 12 12 12 13 13 13 13 14 14 14 14
-100.81529778999999
pt-87N1-a
H H H H H H H C C C C C C C C N Pt Pt Pt Pt Pt Pt Pt
0 0 1 1 2 2 3 3 4 4 5 5 6 6 7 7 7 7 8 8 8 9 9 9 9 10 10 10 10 10 11 11 11 11 11 12 12 12 13 13 13 13 14 14 14 14 15 15 15 15 20 13 18 14 22 9 17 7 16 8 16 12 19 8 12 16 19 9 16 17 10 16 17 21 11 13 17 18 21 12 15 19 20 21 16 19 21 14 18 21 22 15 18 21 22 20 21 22
15 20 13 18 14 22 9 17 7 16 8 16 12 19 8 12 16 19 9 16 17 10 16 17 21 11 13 17 18 21 12 15 19 20 21 16 19 21 14 18 21 22 15 18 21 22 20 21 22 0 0 1 1 2 2 3 3 4 4 5 5 6 6 7 7 7 7 8 8 8 9 9 9 9 10 10 10 10 10 11 11 11 11 11 12 12 12 13 13 13 13 14 14 14 14 15 15 15
-108.47604352000002
pt-87N2-a
H H H H H H H C C C C C C C C N Pt Pt Pt Pt Pt Pt Pt Pt Pt
0 0 1 1 2 2 3 3 4 4 5 5 6 6 7 7 7 7 7 8 8 8 8 9 9 9 9 10 10 10 10 11 11 11 11 11 12 12 12 12 13 13 13 13 14 14 14 14 15 15 15 24 14 19 13 22 7 16 10 21 8 16 9 18 8 10 16 20 21 9 16 17 18 12 16 18 23 11 16 21 23 12 13 21 22 23 14 18 19 23 15 22 23 24 15 19 23 24 23 24
15 24 14 19 13 22 7 16 10 21 8 16 9 18 8 10 16 20 21 9 16 17 18 12 16 18 23 11 16 21 23 12 13 21 22 23 14 18 19 23 15 22 23 24 15 19 23 24 23 24 0 0 1 1 2 2 3 3 4 4 5 5 6 6 7 7 7 7 7 8 8 8 8 9 9 9 9 10 10 10 10 11 11 11 11 11 12 12 12 12 13 13 13 13 14 14 14 14 15 15
-108.18585833000003
pt-97N1-a
N H H H H H H H C C C C C C C C C Pt Pt Pt Pt Pt Pt Pt
0 0 0 0 0 1 1 2 2 3 3 4 4 5 5 6 6 7 7 8 8 8 8 9 9 9 10 10 10 10 11 11 11 11 12 12 12 12 13 13 13 13 14 14 14 14 15 15 15 16 16 11 16 19 22 23 8 17 9 17 12 20 10 18 16 23 14 21 15 23 9 12 17 20 10 17 18 11 17 18 22 13 18 19 22 13 17 20 22 14 20 21 22 15 21 22 23 16 21 23 19 23
11 16 19 22 23 8 17 9 17 12 20 10 18 16 23 14 21 15 23 9 12 17 20 10 17 18 11 17 18 22 13 18 19 22 13 17 20 22 14 20 21 22 15 21 22 23 16 21 23 19 23 0 0 0 0 0 1 1 2 2 3 3 4 4 5 5 6 6 7 7 8 8 8 8 9 9 9 10 10 10 10 11 11 11 11 12 12 12 12 13 13 13 13 14 14 14 14 15 15 15 16 16
-117.42559201
pt-97N2-a
N H H H H H H H C C C C C C C C C Pt Pt Pt Pt Pt Pt Pt Pt
0 0 0 0 1 1 2 2 3 3 4 4 5 5 6 6 7 7 8 8 8 8 8 9 9 9 10 10 10 10 11 11 11 11 11 12 12 12 12 12 13 13 13 14 14 14 15 15 15 15 16 16 14 16 19 24 14 19 15 22 16 24 10 18 13 21 8 17 9 17 9 13 17 20 21 10 17 18 11 17 18 23 12 14 18 19 23 13 15 21 22 23 17 21 23 19 23 24 16 22 23 24 22 24
14 16 19 24 14 19 15 22 16 24 10 18 13 21 8 17 9 17 9 13 17 20 21 10 17 18 11 17 18 23 12 14 18 19 23 13 15 21 22 23 17 21 23 19 23 24 16 22 23 24 22 24 0 0 0 0 1 1 2 2 3 3 4 4 5 5 6 6 7 7 8 8 8 8 8 9 9 9 10 10 10 10 11 11 11 11 11 12 12 12 12 12 13 13 13 14 14 14 15 15 15 15 16 16
-117.10093180000001
pt-9801-a
C H H H H H H H H C C C C C C C C Pt Pt Pt Pt Pt Pt Pt Pt
0 0 0 0 0 0 1 2 2 3 3 4 5 5 6 6 7 7 8 8 9 9 9 9 10 10 10 10 11 11 11 11 12 12 12 12 12 13 13 13 13 13 14 14 14 15 15 16 16 16 4 15 16 20 23 24 15 15 22 16 20 24 10 17 11 19 9 17 14 21 10 14 17 21 11 17 18 19 12 17 19 23 13 16 19 20 23 14 15 21 22 23 17 21 23 23 24 20 23 24
4 15 16 20 23 24 15 15 22 16 20 24 10 17 11 19 9 17 14 21 10 14 17 21 11 17 18 19 12 17 19 23 13 16 19 20 23 14 15 21 22 23 17 21 23 23 24 20 23 24 0 0 0 0 0 0 1 2 2 3 3 4 5 5 6 6 7 7 8 8 9 9 9 9 10 10 10 10 11 11 11 11 12 12 12 12 12 13 13 13 13 13 14 14 14 15 15 16 16 16
-112.91067952999998
pt-9802-a
C H H H H H H H H C C C C C C C C Pt Pt Pt Pt Pt Pt Pt
0 0 0 0 0 0 1 3 3 4 4 5 5 6 6 7 7 8 8 9 9 9 9 10 10 10 10 11 11 11 11 12 12 12 12 12 13 13 13 13 13 14 14 15 16 16 16 1 2 15 16 21 23 18 10 17 11 22 9 17 14 20 15 21 16 23 10 14 17 20 11 17 19 22 12 17 19 22 13 16 21 22 23 14 15 20 21 22 20 21 21 21 22 23
1 2 15 16 21 23 18 10 17 11 22 9 17 14 20 15 21 16 23 10 14 17 20 11 17 19 22 12 17 19 22 13 16 21 22 23 14 15 20 21 22 20 21 21 21 22 23 0 0 0 0 0 0 1 3 3 4 4 5 5 6 6 7 7 8 8 9 9 9 9 10 10 10 10 11 11 11 11 12 12 12 12 12 13 13 13 13 13 14 14 15 16 16 16
-112.63685170000002
pt-a801-a
C C H H H H H H H H C C C C C C C C Pt Pt Pt Pt Pt Pt Pt Pt Pt
0 0 0 0 0 1 1 1 1 1 2 2 3 3 4 4 5 5 6 6 7 7 8 9 10 10 10 10 10 11 11 11 12 12 12 12 13 13 13 13 14 14 14 14 14 15 15 15 16 16 16 16 17 17 17 1 8 17 21 26 9 13 21 25 26 10 18 11 18 12 20 15 23 16 24 17 26 26 21 11 15 18 22 23 12 18 20 13 18 20 25 14 20 21 25 15 16 23 24 25 18 23 25 17 24 25 26 19 24 26
1 8 17 21 26 9 13 21 25 26 10 18 11 18 12 20 15 23 16 24 17 26 26 21 11 15 18 22 23 12 18 20 13 18 20 25 14 20 21 25 15 16 23 24 25 18 23 25 17 24 25 26 19 24 26 0 0 0 0 0 1 1 1 1 1 2 2 3 3 4 4 5 5 6 6 7 7 8 9 10 10 10 10 10 11 11 11 12 12 12 12 13 13 13 13 14 14 14 14 14 15 15 15 16 16 16 16 17 17 17
-122.39584868000003
rh-8611-a
H H H H H H C C C C C C C C O Rh Rh Rh Rh Rh Rh Rh Rh
0 0 1 1 2 2 3 3 4 4 5 5 6 6 6 6 6 7 7 7 7 8 8 8 8 9 9 9 9 9 9 10 10 10 10 10 11 11 11 12 12 12 12 13 13 13 13 14 14 14 12 17 13 17 8 15 11 20 6 19 7 15 7 11 15 19 21 8 15 18 19 9 15 16 21 10 12 15 16 17 21 11 14 20 21 22 19 20 21 13 16 17 21 14 17 21 22 17 21 22
12 17 13 17 8 15 11 20 6 19 7 15 7 11 15 19 21 8 15 18 19 9 15 16 21 10 12 15 16 17 21 11 14 20 21 22 19 20 21 13 16 17 21 14 17 21 22 17 21 22 0 0 1 1 2 2 3 3 4 4 5 5 6 6 6 6 6 7 7 7 7 8 8 8 8 9 9 9 9 9 9 10 10 10 10 10 11 11 11 12 12 12 12 13 13 13 13 14 14 14
-102.57425285
rh-8612-a
H H H H H H C C C C C C C C O Rh Rh Rh Rh Rh Rh Rh Rh Rh Rh
0 0 1 1 2 2 3 3 3 4 4 4 5 5 6 6 6 6 6 7 7 7 7 8 8 8 8 9 9 9 9 9 10 10 10 10 10 11 11 11 12 12 12 12 13 13 13 13 14 14 14 12 17 13 22 7 19 8 15 16 6 20 24 11 20 7 11 19 20 24 8 16 19 20 9 15 16 19 10 12 16 17 22 11 13 16 20 22 20 21 22 14 16 17 22 14 18 22 23 17 18 22
12 17 13 22 7 19 8 15 16 6 20 24 11 20 7 11 19 20 24 8 16 19 20 9 15 16 19 10 12 16 17 22 11 13 16 20 22 20 21 22 14 16 17 22 14 18 22 23 17 18 22 0 0 1 1 2 2 3 3 3 4 4 4 5 5 6 6 6 6 6 7 7 7 7 8 8 8 8 9 9 9 9 9 10 10 10 10 10 11 11 11 12 12 12 12 13 13 13 13 14 14 14
-102.99101107000001
rh-86S1-a
H H H H H H C C C C C C C C S Rh Rh Rh Rh Rh Rh Rh Rh Rh
0 0 1 1 2 2 3 3 4 4 4 5 5 5 6 6 6 6 6 7 7 7 7 8 8 8 8 9 9 9 9 9 10 10 10 10 10 10 11 11 11 12 12 12 12 13 13 13 13 14 14 14 14 12 18 13 23 8 17 11 20 6 15 19 7 15 16 7 11 15 19 20 8 15 16 17 9 15 17 22 10 12 17 18 22 11 14 15 20 21 22 15 20 22 13 18 22 23 14 18 22 23 16 21 22 23
12 18 13 23 8 17 11 20 6 15 19 7 15 16 7 11 15 19 20 8 15 16 17 9 15 17 22 10 12 17 18 22 11 14 15 20 21 22 15 20 22 13 18 22 23 14 18 22 23 16 21 22 23 0 0 1 1 2 2 3 3 4 4 4 5 5 5 6 6 6 6 6 7 7 7 7 8 8 8 8 9 9 9 9 9 10 10 10 10 10 10 11 11 11 12 12 12 12 13 13 13 13 14 14 14 14
-101.51757952000003
rh-86S2-a
H H H H H H C C C C C C C C S Rh Rh Rh Rh Rh Rh Rh Rh Rh
0 0 1 1 2 2 2 3 3 4 4 4 5 5 6 6 6 6 6 7 7 7 7 8 8 8 8 9 9 9 9 9 9 10 10 10 10 10 10 11 11 11 12 12 12 12 13 13 13 13 14 14 14 14 13 18 12 21 6 15 19 11 20 7 15 16 8 17 7 11 15 19 20 8 15 16 17 9 15 17 22 10 13 15 17 18 22 11 12 15 20 21 22 15 20 22 14 21 22 23 14 18 22 23 16 19 22 23
13 18 12 21 6 15 19 11 20 7 15 16 8 17 7 11 15 19 20 8 15 16 17 9 15 17 22 10 13 15 17 18 22 11 12 15 20 21 22 15 20 22 14 21 22 23 14 18 22 23 16 19 22 23 0 0 1 1 2 2 2 3 3 4 4 4 5 5 6 6 6 6 6 7 7 7 7 8 8 8 8 9 9 9 9 9 9 10 10 10 10 10 10 11 11 11 12 12 12 12 13 13 13 13 14 14 14 14
-101.52893260000002
rh-87N1-a
H H H H H H H C C C C C C C C N Rh Rh Rh Rh Rh Rh Rh Rh Rh
0 0 1 1 2 2 3 3 4 4 5 5 5 6 6 7 7 7 7 7 7 8 8 8 8 8 9 9 9 9 9 10 10 10 10 10 11 11 11 11 11 12 12 12 13 13 13 13 14 14 14 14 15 15 15 15 22 13 19 14 24 9 18 7 16 8 16 17 12 21 8 12 16 20 21 23 9 16 17 18 23 10 16 18 19 23 11 13 18 19 23 12 15 21 22 23 16 21 23 14 19 23 24 15 22 23 24 22 23 24
15 22 13 19 14 24 9 18 7 16 8 16 17 12 21 8 12 16 20 21 23 9 16 17 18 23 10 16 18 19 23 11 13 18 19 23 12 15 21 22 23 16 21 23 14 19 23 24 15 22 23 24 22 23 24 0 0 1 1 2 2 3 3 4 4 5 5 5 6 6 7 7 7 7 7 7 8 8 8 8 8 9 9 9 9 9 10 10 10 10 10 11 11 11 11 11 12 12 12 13 13 13 13 14 14 14 14 15 15 15
-108.71249873
rh-87N2-a
H H H H H H H C C C C C C C C N Rh Rh Rh Rh Rh Rh Rh Rh Rh
0 0 1 1 2 2 3 3 3 4 4 5 5 5 6 6 7 7 7 7 7 8 8 8 8 9 9 9 9 9 10 10 10 10 10 11 11 11 11 11 12 12 12 12 12 13 13 13 13 14 14 14 14 15 15 15 24 14 19 13 22 7 16 20 10 21 8 16 17 9 18 8 10 16 20 21 9 16 17 18 12 16 18 19 23 11 16 21 22 23 12 13 21 22 23 14 16 18 19 23 15 22 23 24 15 19 23 24 23 24
15 24 14 19 13 22 7 16 20 10 21 8 16 17 9 18 8 10 16 20 21 9 16 17 18 12 16 18 19 23 11 16 21 22 23 12 13 21 22 23 14 16 18 19 23 15 22 23 24 15 19 23 24 23 24 0 0 1 1 2 2 3 3 3 4 4 5 5 5 6 6 7 7 7 7 7 8 8 8 8 9 9 9 9 9 10 10 10 10 10 11 11 11 11 11 12 12 12 12 12 13 13 13 13 14 14 14 14 15 15
-108.96522039000001
rh-97N1-a
N H H H H H H H C C C C C C C C C Rh Rh Rh Rh Rh Rh Rh Rh Rh
0 0 0 0 0 1 1 1 2 2 2 3 3 4 4 5 5 5 6 6 7 7 8 8 8 8 8 9 9 9 9 10 10 10 10 10 11 11 11 11 12 12 12 12 13 13 13 13 14 14 14 14 15 15 15 15 16 16 16 16 11 16 20 24 25 8 17 21 9 17 18 12 22 10 19 16 21 25 14 23 15 25 9 12 17 21 22 10 17 18 19 11 17 19 20 24 13 19 20 24 13 17 22 24 14 22 23 24 15 23 24 25 16 18 23 25 20 21 24 25
11 16 20 24 25 8 17 21 9 17 18 12 22 10 19 16 21 25 14 23 15 25 9 12 17 21 22 10 17 18 19 11 17 19 20 24 13 19 20 24 13 17 22 24 14 22 23 24 15 23 24 25 16 18 23 25 20 21 24 25 0 0 0 0 0 1 1 1 2 2 2 3 3 4 4 5 5 5 6 6 7 7 8 8 8 8 8 9 9 9 9 10 10 10 10 10 11 11 11 11 12 12 12 12 13 13 13 13 14 14 14 14 15 15 15 15 16 16 16 16
-118.42499027000002
rh-97N2-a
N H H H H H H H C C C C C C C C C Rh Rh Rh Rh Rh Rh Rh Rh Rh
0 0 0 0 0 1 1 2 2 3 3 3 4 4 5 5 6 6 6 7 7 7 8 8 8 8 8 9 9 9 9 10 10 10 10 11 11 11 11 11 11 12 12 12 12 12 13 13 13 13 14 14 14 15 15 15 15 16 16 16 14 16 23 24 25 14 20 15 23 16 18 23 10 19 13 22 8 17 21 9 17 18 9 13 17 21 22 10 17 18 19 11 17 19 24 12 14 17 19 20 24 13 15 22 23 24 17 21 22 24 20 24 25 16 22 23 24 18 23 25
14 16 23 24 25 14 20 15 23 16 18 23 10 19 13 22 8 17 21 9 17 18 9 13 17 21 22 10 17 18 19 11 17 19 24 12 14 17 19 20 24 13 15 22 23 24 17 21 22 24 20 24 25 16 22 23 24 18 23 25 0 0 0 0 0 1 1 2 2 3 3 3 4 4 5 5 6 6 6 7 7 7 8 8 8 8 8 9 9 9 9 10 10 10 10 11 11 11 11 11 11 12 12 12 12 12 13 13 13 13 14 14 14 15 15 15 15 16 16 16
-117.95660299000002
rh-9801-a
C H H H H H H H H C C C C C C C C Rh Rh Rh Rh Rh Rh Rh Rh Rh
0 0 0 0 0 1 2 2 3 3 4 5 5 5 6 6 7 7 7 8 8 9 9 9 9 9 9 10 10 10 10 11 11 11 11 12 12 12 12 12 13 13 13 13 13 14 14 14 15 15 15 16 16 16 4 15 16 24 25 15 15 23 16 20 25 10 17 18 11 19 9 17 21 14 22 10 14 17 21 22 24 11 17 18 19 12 17 19 24 13 16 19 20 24 14 15 22 23 24 17 22 24 23 24 25 20 24 25
4 15 16 24 25 15 15 23 16 20 25 10 17 18 11 19 9 17 21 14 22 10 14 17 21 22 24 11 17 18 19 12 17 19 24 13 16 19 20 24 14 15 22 23 24 17 22 24 23 24 25 20 24 25 0 0 0 0 0 1 2 2 3 3 4 5 5 5 6 6 7 7 7 8 8 9 9 9 9 9 9 10 10 10 10 11 11 11 11 12 12 12 12 12 13 13 13 13 13 14 14 14 15 15 15 16 16 16
-113.28997107999999
rh-9802-a
C H H H H H H H H C C C C C C C C Rh Rh Rh Rh Rh Rh Rh Rh Rh
0 0 0 0 0 0 1 3 3 4 4 4 5 5 6 6 7 7 8 8 9 9 9 9 9 9 10 10 10 10 11 11 11 11 11 12 12 12 12 12 13 13 13 13 13 14 14 15 16 16 16 1 2 15 16 23 25 18 10 17 11 19 24 9 17 14 22 15 23 16 25 10 14 17 21 22 24 11 17 19 24 12 17 19 20 24 13 16 23 24 25 14 15 22 23 24 22 24 23 23 24 25
1 2 15 16 23 25 18 10 17 11 19 24 9 17 14 22 15 23 16 25 10 14 17 21 22 24 11 17 19 24 12 17 19 20 24 13 16 23 24 25 14 15 22 23 24 22 24 23 23 24 25 0 0 0 0 0 0 1 3 3 4 4 4 5 5 6 6 7 7 8 8 9 9 9 9 9 9 10 10 10 10 11 11 11 11 11 12 12 12 12 12 13 13 13 13 13 14 14 15 16 16 16
-113.30077999000002
rh-a801-a
C C H H H H H H H H C C C C C C C C Rh Rh Rh Rh Rh Rh Rh Rh Rh
0 0 0 0 0 0 1 1 1 1 1 2 2 2 3 3 3 4 4 5 5 6 6 7 7 7 8 8 9 10 10 10 10 10 11 11 11 11 12 12 12 12 13 13 13 13 14 14 14 14 14 15 15 15 16 16 16 16 17 17 17 1 8 17 21 22 26 9 13 21 25 26 10 18 22 11 18 19 12 20 15 23 16 24 17 19 26 22 26 21 11 15 18 22 23 12 18 19 20 13 18 20 25 14 20 21 25 15 16 23 24 25 18 23 25 17 24 25 26 19 24 26
1 8 17 21 22 26 9 13 21 25 26 10 18 22 11 18 19 12 20 15 23 16 24 17 19 26 22 26 21 11 15 18 22 23 12 18 19 20 13 18 20 25 14 20 21 25 15 16 23 24 25 18 23 25 17 24 25 26 19 24 26 0 0 0 0 0 0 1 1 1 1 1 2 2 2 3 3 3 4 4 5 5 6 6 7 7 7 8 8 9 10 10 10 10 10 11 11 11 11 12 12 12 12 13 13 13 13 14 14 14 14 14 15 15 15 16 16 16 16 17 17 17
-123.25459417000002
ru-8611-a
H H H H H H C C C C C C C C O Ru Ru Ru Ru Ru Ru Ru Ru Ru
0 0 0 1 1 2 2 3 3 4 4 5 5 6 6 6 6 6 6 7 7 7 7 8 8 8 8 9 9 9 9 9 10 10 10 10 10 11 11 11 12 12 12 12 12 13 13 13 13 13 14 14 14 12 17 18 13 18 8 16 11 21 6 20 7 16 7 11 16 19 20 22 8 16 19 20 9 16 17 22 10 12 16 17 22 11 14 21 22 23 20 21 22 13 15 17 18 22 14 18 19 22 23 18 22 23
12 17 18 13 18 8 16 11 21 6 20 7 16 7 11 16 19 20 22 8 16 19 20 9 16 17 22 10 12 16 17 22 11 14 21 22 23 20 21 22 13 15 17 18 22 14 18 19 22 23 18 22 23 0 0 0 1 1 2 2 3 3 4 4 5 5 6 6 6 6 6 6 7 7 7 7 8 8 8 8 9 9 9 9 9 10 10 10 10 10 11 11 11 12 12 12 12 12 13 13 13 13 13 14 14 14
-102.68357498999995
ru-8612-a
H H H H H H C C C C C C C C O Ru Ru Ru Ru Ru Ru Ru Ru Ru Ru Ru
0 0 1 1 2 2 3 3 3 4 4 4 5 5 6 6 6 6 6 6 7 7 7 7 7 8 8 8 8 8 9 9 9 9 9 10 10 10 10 10 11 11 11 12 12 12 12 13 13 13 13 14 14 14 12 18 13 23 7 20 8 15 16 6 21 25 11 21 7 11 16 20 21 25 8 15 16 20 21 9 15 16 17 20 10 12 16 18 23 11 13 16 21 23 21 22 23 14 16 18 23 14 19 23 24 18 19 23
12 18 13 23 7 20 8 15 16 6 21 25 11 21 7 11 16 20 21 25 8 15 16 20 21 9 15 16 17 20 10 12 16 18 23 11 13 16 21 23 21 22 23 14 16 18 23 14 19 23 24 18 19 23 0 0 1 1 2 2 3 3 3 4 4 4 5 5 6 6 6 6 6 6 7 7 7 7 7 8 8 8 8 8 9 9 9 9 9 10 10 10 10 10 11 11 11 12 12 12 12 13 13 13 13 14 14 14
-102.83915671000005
ru-86S1-a
H H H H H H C C C C C C C C S Ru Ru Ru Ru Ru Ru Ru Ru Ru
0 0 1 1 2 2 3 3 4 4 4 5 5 5 6 6 6 6 6 7 7 7 7 7 8 8 8 8 8 9 9 9 9 9 10 10 10 10 10 11 11 11 12 12 12 12 13 13 13 13 14 14 14 14 12 18 13 23 8 17 11 20 6 15 19 7 15 16 7 11 15 19 20 8 15 16 17 22 9 15 17 18 22 10 12 17 18 22 11 14 20 21 22 15 20 22 13 18 22 23 14 21 22 23 16 20 21 22
12 18 13 23 8 17 11 20 6 15 19 7 15 16 7 11 15 19 20 8 15 16 17 22 9 15 17 18 22 10 12 17 18 22 11 14 20 21 22 15 20 22 13 18 22 23 14 21 22 23 16 20 21 22 0 0 1 1 2 2 3 3 4 4 4 5 5 5 6 6 6 6 6 7 7 7 7 7 8 8 8 8 8 9 9 9 9 9 10 10 10 10 10 11 11 11 12 12 12 12 13 13 13 13 14 14 14 14
-101.19950889
ru-86S2-a
H H H H H H C C C C C C C C S Ru Ru Ru Ru Ru Ru Ru Ru Ru
0 0 1 1 2 2 2 3 3 4 4 4 5 5 6 6 6 6 6 7 7 7 7 8 8 8 8 9 9 9 9 9 9 10 10 10 10 10 11 11 11 11 12 12 12 12 13 13 13 13 14 14 14 14 14 14 13 18 12 21 6 15 19 11 20 7 15 16 8 17 7 11 15 19 20 8 15 16 17 9 15 17 22 10 13 15 17 18 22 11 12 20 21 22 15 20 21 22 14 21 22 23 14 18 22 23 16 18 19 21 22 23
13 18 12 21 6 15 19 11 20 7 15 16 8 17 7 11 15 19 20 8 15 16 17 9 15 17 22 10 13 15 17 18 22 11 12 20 21 22 15 20 21 22 14 21 22 23 14 18 22 23 16 18 19 21 22 23 0 0 1 1 2 2 2 3 3 4 4 4 5 5 6 6 6 6 6 7 7 7 7 8 8 8 8 9 9 9 9 9 9 10 10 10 10 10 11 11 11 11 12 12 12 12 13 13 13 13 14 14 14 14 14 14
-101.18823698
ru-87N1-a
H H H H H H H C C C C C C C C N Ru Ru Ru Ru Ru Ru Ru Ru Ru
0 0 1 1 1 2 2 3 3 4 4 4 5 5 6 6 7 7 7 7 7 8 8 8 8 8 9 9 9 9 9 10 10 10 10 11 11 11 11 11 12 12 12 13 13 13 13 14 14 14 14 14 15 15 15 15 22 13 19 24 14 24 9 18 7 16 20 8 16 12 21 8 12 16 20 21 9 16 17 18 23 10 16 18 19 23 11 13 19 23 12 15 21 22 23 16 21 23 14 19 23 24 15 17 22 23 24 22 23 24
15 22 13 19 24 14 24 9 18 7 16 20 8 16 12 21 8 12 16 20 21 9 16 17 18 23 10 16 18 19 23 11 13 19 23 12 15 21 22 23 16 21 23 14 19 23 24 15 17 22 23 24 22 23 24 0 0 1 1 1 2 2 3 3 4 4 4 5 5 6 6 7 7 7 7 7 8 8 8 8 8 9 9 9 9 9 10 10 10 10 11 11 11 11 11 12 12 12 13 13 13 13 14 14 14 14 14 15 15 15
-108.81917699000002
ru-87N2-a
H H H H H H H C C C C C C C C N Ru Ru Ru Ru Ru Ru Ru Ru Ru
0 0 1 1 2 2 3 3 3 4 4 5 5 5 6 6 7 7 7 7 7 7 8 8 8 8 8 9 9 9 9 10 10 10 10 10 11 11 11 11 11 12 12 12 12 13 13 13 13 14 14 14 14 15 15 15 24 14 19 13 22 7 16 20 10 21 8 16 17 9 18 8 10 16 20 21 23 9 16 17 18 23 12 16 18 23 11 16 21 22 23 12 13 21 22 23 14 18 19 23 15 22 23 24 15 19 23 24 23 24
15 24 14 19 13 22 7 16 20 10 21 8 16 17 9 18 8 10 16 20 21 23 9 16 17 18 23 12 16 18 23 11 16 21 22 23 12 13 21 22 23 14 18 19 23 15 22 23 24 15 19 23 24 23 24 0 0 1 1 2 2 3 3 3 4 4 5 5 5 6 6 7 7 7 7 7 7 8 8 8 8 8 9 9 9 9 10 10 10 10 10 11 11 11 11 11 12 12 12 12 13 13 13 13 14 14 14 14 15 15
-108.71658921
ru-97N1-a
N H H H H H H H C C C C C C C C C Ru Ru Ru Ru Ru Ru Ru Ru Ru
0 0 0 0 0 1 1 1 2 2 3 3 4 4 5 5 5 6 6 7 7 7 8 8 8 8 8 9 9 9 9 9 10 10 10 10 10 11 11 11 11 12 12 12 12 13 13 13 13 14 14 14 14 14 15 15 15 15 16 16 16 16 11 16 20 24 25 8 17 21 9 17 12 22 10 19 16 21 25 14 23 15 18 25 9 12 17 21 22 10 17 18 19 24 11 17 19 20 24 13 19 20 24 13 17 22 24 14 22 23 24 15 22 23 24 25 16 18 23 25 20 21 24 25
11 16 20 24 25 8 17 21 9 17 12 22 10 19 16 21 25 14 23 15 18 25 9 12 17 21 22 10 17 18 19 24 11 17 19 20 24 13 19 20 24 13 17 22 24 14 22 23 24 15 22 23 24 25 16 18 23 25 20 21 24 25 0 0 0 0 0 1 1 1 2 2 3 3 4 4 5 5 5 6 6 7 7 7 8 8 8 8 8 9 9 9 9 9 10 10 10 10 10 11 11 11 11 12 12 12 12 13 13 13 13 14 14 14 14 14 15 15 15 15 16 16 16 16
-118.24148831999997
ru-97N2-a
N H H H H H H H C C C C C C C C C Ru Ru Ru Ru Ru Ru Ru Ru Ru
0 0 0 1 1 2 2 3 3 4 4 5 5 6 6 7 7 8 8 8 8 8 9 9 10 10 10 10 11 11 11 11 11 12 12 12 12 12 13 14 14 14 15 15 15 16 16 16 14 16 25 14 20 15 23 16 18 10 19 13 22 8 21 9 17 9 13 17 21 22 10 17 11 17 19 24 12 14 22 23 24 13 15 22 23 24 22 20 24 25 16 22 23 18 23 25
14 16 25 14 20 15 23 16 18 10 19 13 22 8 21 9 17 9 13 17 21 22 10 17 11 17 19 24 12 14 22 23 24 13 15 22 23 24 22 20 24 25 16 22 23 18 23 25 0 0 0 1 1 2 2 3 3 4 4 5 5 6 6 7 7 8 8 8 8 8 9 9 10 10 10 10 11 11 11 11 11 12 12 12 12 12 13 14 14 14 15 15 15 16 16 16
-118.43396620000004
ru-9801-a
C H H H H H H H H C C C C C C C C Ru Ru Ru Ru Ru Ru Ru Ru Ru
0 0 0 0 0 1 2 2 3 3 4 5 5 5 6 6 7 7 7 8 8 9 9 9 9 9 9 10 10 10 10 11 11 11 11 11 12 12 12 12 12 13 13 13 13 13 14 14 14 15 15 15 16 16 16 4 15 16 24 25 15 15 23 16 20 25 10 17 18 11 19 9 17 21 14 22 10 14 17 21 22 24 11 17 18 19 12 17 19 20 24 13 16 19 20 24 14 15 22 23 24 17 22 24 23 24 25 20 24 25
4 15 16 24 25 15 15 23 16 20 25 10 17 18 11 19 9 17 21 14 22 10 14 17 21 22 24 11 17 18 19 12 17 19 20 24 13 16 19 20 24 14 15 22 23 24 17 22 24 23 24 25 20 24 25 0 0 0 0 0 1 2 2 3 3 4 5 5 5 6 6 7 7 7 8 8 9 9 9 9 9 9 10 10 10 10 11 11 11 11 11 12 12 12 12 12 13 13 13 13 13 14 14 14 15 15 15 16 16 16
-112.91224147999998
ru-9802-a
C H H H H H H H H C C C C C C C C Ru Ru Ru Ru Ru Ru Ru Ru Ru
0 0 0 0 0 0 1 3 3 4 4 4 5 5 5 6 6 7 7 8 8 9 9 9 9 9 9 10 10 10 10 11 11 11 11 11 12 12 12 12 12 13 13 13 13 13 14 14 14 15 16 16 16 16 1 2 15 16 23 25 18 10 17 11 19 24 9 17 21 14 22 15 23 16 25 10 14 17 21 22 24 11 17 19 24 12 17 19 20 24 13 16 23 24 25 14 15 22 23 24 22 23 24 23 20 23 24 25
1 2 15 16 23 25 18 10 17 11 19 24 9 17 21 14 22 15 23 16 25 10 14 17 21 22 24 11 17 19 24 12 17 19 20 24 13 16 23 24 25 14 15 22 23 24 22 23 24 23 20 23 24 25 0 0 0 0 0 0 1 3 3 4 4 4 5 5 5 6 6 7 7 8 8 9 9 9 9 9 9 10 10 10 10 11 11 11 11 11 12 12 12 12 12 13 13 13 13 13 14 14 14 15 16 16 16 16
-113.28464309999998
ru-a801-a
C C H H H H H H H H C C C C C C C C Ru Ru Ru Ru Ru Ru Ru Ru Ru
0 0 0 0 0 1 1 1 1 1 2 2 3 3 4 4 5 5 6 6 7 7 8 9 10 10 10 10 10 11 11 12 12 12 12 13 13 13 13 14 14 14 14 14 15 15 16 16 16 17 17 17 1 8 17 19 26 9 13 21 25 26 10 22 11 18 12 20 15 23 16 24 17 19 26 21 11 15 18 22 23 12 18 13 18 20 25 14 23 24 25 15 16 23 24 25 23 24 17 23 24 19 24 26
1 8 17 19 26 9 13 21 25 26 10 22 11 18 12 20 15 23 16 24 17 19 26 21 11 15 18 22 23 12 18 13 18 20 25 14 23 24 25 15 16 23 24 25 23 24 17 23 24 19 24 26 0 0 0 0 0 1 1 1 1 1 2 2 3 3 4 4 5 5 6 6 7 7 8 9 10 10 10 10 10 11 11 12 12 12 12 13 13 13 13 14 14 14 14 14 15 15 16 16 16 17 17 17
-123.18045390000003
zn-8611-a
H H H H H H C C C C C C C C O
0 1 2 3 4 5 6 6 7 8 9 9 10 10 12 13 12 13 8 11 6 7 7 11 8 9 10 12 11 14 13 14
12 13 8 11 6 7 7 11 8 9 10 12 11 14 13 14 0 1 2 3 4 5 6 6 7 8 9 9 10 10 12 13
-100.88482529000001
zn-8612-a
H H H H H H C C C C C C C C O
0 1 2 3 4 5 6 6 7 8 9 9 10 10 12 13 12 13 7 8 6 11 7 11 8 9 10 12 11 13 14 14
12 13 7 8 6 11 7 11 8 9 10 12 11 13 14 14 0 1 2 3 4 5 6 6 7 8 9 9 10 10 12 13
-100.36620980000001
zn-86S1-a
H H H H H H C C C C C C C C S
0 1 2 3 4 5 6 6 7 8 9 9 10 10 12 13 12 13 8 11 6 7 7 11 8 9 10 12 11 14 13 14
12 13 8 11 6 7 7 11 8 9 10 12 11 14 13 14 0 1 2 3 4 5 6 6 7 8 9 9 10 10 12 13
-98.62773822
zn-86S2-a
H H H H H H C C C C C C C C S
0 1 2 3 4 5 6 6 7 8 9 9 10 10 12 13 13 12 6 11 7 8 7 11 8 9 10 13 11 12 14 14
13 12 6 11 7 8 7 11 8 9 10 13 11 12 14 14 0 1 2 3 4 5 6 6 7 8 9 9 10 10 12 13
-98.26657621999999
zn-87N1-a
H H H H H H H C C C C C C C C N
0 1 2 3 4 5 6 7 7 8 9 10 10 11 11 13 14 15 13 14 9 7 8 12 8 12 9 10 11 13 12 15 14 15
15 13 14 9 7 8 12 8 12 9 10 11 13 12 15 14 15 0 1 2 3 4 5 6 7 7 8 9 10 10 11 11 13 14
-106.79147258999998
zn-87N2-a
H H H H H H H C C C C C C C C N
0 1 2 3 4 5 6 7 7 8 9 10 11 11 12 13 14 15 14 13 7 10 8 9 8 10 9 12 11 12 13 14 15 15
15 14 13 7 10 8 9 8 10 9 12 11 12 13 14 15 15 0 1 2 3 4 5 6 7 7 8 9 10 11 11 12 13 14
-106.46565769
zn-97N1-a
N H H H H H H H C C C C C C C C C
0 0 1 2 3 4 5 6 7 8 8 9 10 11 12 13 14 15 11 16 8 9 12 10 16 14 15 9 12 10 11 13 13 14 15 16
11 16 8 9 12 10 16 14 15 9 12 10 11 13 13 14 15 16 0 0 1 2 3 4 5 6 7 8 8 9 10 11 12 13 14 15
-115.59760193
zn-97N2-a
N H H H H H H H C C C C C C C C C
0 0 1 2 3 4 5 6 7 8 8 9 10 11 11 12 12 15 14 16 14 15 16 10 13 8 9 9 13 10 11 12 14 13 15 16
14 16 14 15 16 10 13 8 9 9 13 10 11 12 14 13 15 16 0 0 1 2 3 4 5 6 7 8 8 9 10 11 11 12 12 15
-115.57310049
zn-9801-a
C H H H H H H H H C C C C C C C C
0 0 0 1 2 3 5 6 7 8 9 9 10 11 12 12 13 13 4 15 16 15 15 16 10 11 9 14 10 14 11 12 13 16 14 15
4 15 16 15 15 16 10 11 9 14 10 14 11 12 13 16 14 15 0 0 0 1 2 3 5 6 7 8 9 9 10 11 12 12 13 13
-110.84116824
zn-9802-a
C H H H H H H H H C C C C C C C C Zn Zn Zn Zn
0 0 0 0 0 0 3 4 5 6 7 8 8 9 9 10 11 12 12 12 12 13 13 13 14 15 16 1 2 15 16 18 20 10 11 9 14 15 16 20 10 14 11 12 13 16 19 20 14 15 18 17 18 20
1 2 15 16 18 20 10 11 9 14 15 16 20 10 14 11 12 13 16 19 20 14 15 18 17 18 20 0 0 0 0 0 0 3 4 5 6 7 8 8 9 9 10 11 12 12 12 12 13 13 13 14 15 16
-110.27640973999999
zn-a801-a
C C H H H H H H H H C C C C C C C C
0 0 0 1 1 2 3 4 5 6 7 10 10 11 12 13 14 14 16 1 8 17 9 13 10 11 12 15 16 17 11 15 12 13 14 15 16 17
1 8 17 9 13 10 11 12 15 16 17 11 15 12 13 14 15 16 17 0 0 0 1 1 2 3 4 5 6 7 10 10 11 12 13 14 14 16
-120.36621790000001
